1.166617 -39743.384282
2.436162 -39538.447142
6.337530 -39480.547761
19.155240 -36829.302937
41.596452 -36750.546202
61.980333 -36737.781417
82.961385 -36724.918712
102.060750 -36722.364968
116.334556 -36722.076650
130.940717 -36722.076650
162.850082 -36716.392342
187.900957 -36716.392342
215.990226 -36716.392342
278.407572 -36712.479566
320.743325 -36710.976450
351.051601 -36710.976450
380.935021 -36710.976450
440.639026 -36710.474447
481.586854 -36709.354504
512.280468 -36709.354504
542.911449 -36706.434733
582.189382 -36704.393956
613.888972 -36704.298484
640.265725 -36704.298484
668.274308 -36704.298484
728.163414 -36704.298484
816.358945 -36704.298484
