1.759079 -29647.648524
6.841197 -29493.761247
22.181927 -29473.635593
53.500455 -29473.635592
73.294579 -29424.991192
91.552749 -29409.998326
109.484169 -29403.873504
124.618312 -29401.374793
137.205389 -29399.818148
148.934267 -29396.852127
160.921526 -29395.648854
174.902588 -29394.021173
187.230145 -29393.824959
199.463799 -29393.824959
224.864882 -29392.869073
247.700657 -29390.958110
268.887935 -29387.599867
288.457229 -29387.599867
309.895882 -29387.599867
351.860786 -29387.599867
411.214845 -29387.599867
