4.207820 -70358.915079
8.878831 -70217.658544
23.264837 -70096.865390
56.221018 -70031.497666
139.021109 -66037.211021
203.859538 -65935.406618
253.088573 -65896.171086
295.431593 -65888.956805
331.000051 -65883.441867
372.971888 -65879.986040
408.006500 -65879.041562
441.939622 -65872.539779
473.952840 -65868.460545
502.809383 -65868.460541
549.723291 -65861.381102
579.146390 -65861.381098
620.398223 -65861.239838
668.356570 -65860.379170
699.875292 -65860.379166
740.971396 -65860.325007
786.579634 -65857.550349
821.143527 -65857.174922
850.103701 -65857.174922
890.263469 -65857.174922
968.804053 -65856.202595
1013.725383 -65855.494458
1046.658285 -65855.494458
1089.218552 -65855.494458
1166.790479 -65855.494458
1269.687306 -65854.005490
1322.251346 -65850.984569
1356.314836 -65850.984569
1400.028316 -65850.984569
1477.103554 -65850.984569
1577.948136 -65850.984569
