1.153866 -40303.299960
2.564721 -40030.730964
6.507021 -40014.513254
18.978256 -37271.632883
42.478908 -37210.362992
64.663615 -37183.691494
85.652810 -37174.213471
103.991600 -37172.894417
122.882565 -37171.935274
140.182969 -37171.052268
157.966495 -37170.742615
175.386751 -37170.583243
193.751493 -37170.583243
228.280203 -37168.344843
257.891493 -37167.581284
285.819848 -37167.103093
313.452496 -37167.014531
340.949117 -37167.014531
368.401888 -37167.014531
419.972846 -37167.014531
502.490979 -37167.014531
