2.626279 -54167.753286
5.061249 -53958.401288
12.195336 -53940.737817
27.159210 -53930.179979
51.222184 -53922.422755
97.919711 -46814.336027
127.975776 -46750.060163
149.618407 -46733.890677
169.186641 -46727.229566
180.588458 -46727.229566
218.608404 -46720.304529
251.551833 -46719.194319
284.700586 -46718.276739
315.080436 -46717.451143
349.049979 -46715.409653
371.522560 -46715.409653
403.765192 -46702.262329
436.873546 -46700.991544
463.664231 -46700.991544
496.258439 -46700.991544
547.787575 -46700.991544
611.920755 -46700.991544
