4.102037 -72672.096226
9.855335 -72446.616769
26.229092 -72429.130324
56.646717 -72425.307873
134.109722 -68210.736486
205.225515 -68143.013395
260.692545 -68123.957661
308.804709 -68115.665153
348.734481 -68112.234266
388.738668 -68112.234264
437.079683 -68097.718272
470.937829 -68097.718270
523.089523 -68092.543186
571.642112 -68092.080361
614.973500 -68091.724304
647.641970 -68091.724303
697.604016 -68082.887587
753.444019 -68076.368243
788.258981 -68076.368242
837.532237 -68073.231317
890.658419 -68072.302651
941.317367 -68071.570387
974.574044 -68071.570386
1025.139023 -68069.572175
1080.964496 -68062.891548
1116.138546 -68062.891547
1167.061160 -68062.624754
1207.173038 -68062.624753
1262.642945 -68062.624753
1346.232765 -68027.641403
1406.468563 -68017.262833
1459.215804 -68016.649694
1493.498746 -68016.649693
1545.448614 -68013.771228
1586.132814 -68013.771228
1642.793502 -68013.771228
1725.831750 -68013.771228
1826.959390 -68013.752149
1872.203110 -68013.752149
1935.798963 -68013.752149
2018.258188 -68011.911653
2062.640656 -68011.911652
2124.269848 -68011.911652
2205.290224 -68011.911652
2305.672829 -68010.340875
2350.986578 -68010.340874
2413.622422 -68010.340874
2494.806593 -68010.340874
2593.910555 -68010.340874
