1.158325 -38358.570625
2.731112 -38191.563921
12.266553 -36548.025597
31.972568 -36485.788301
50.788323 -36474.458947
68.448368 -36465.738306
84.916612 -36463.474935
102.704315 -36459.568073
119.095989 -36459.001645
132.532129 -36445.360571
162.530565 -36444.441687
185.425722 -36444.346524
207.540424 -36444.256674
229.293388 -36444.256674
257.167894 -36443.057048
292.617249 -36442.623433
319.639113 -36442.623433
349.103100 -36442.089977
382.347933 -36442.004122
409.197835 -36442.004122
439.062202 -36441.281857
472.436348 -36441.281857
505.918415 -36441.281857
556.295257 -36440.084201
594.086596 -36439.901280
622.850025 -36439.901280
653.533742 -36439.864404
691.994365 -36436.983041
722.825145 -36436.180423
746.793510 -36436.180423
774.872518 -36436.180423
827.307890 -36436.180423
909.592534 -36436.180423
