1.169765 -39743.384282
2.442553 -39538.447142
6.346679 -39480.547761
19.175513 -36829.302937
41.583814 -36750.546202
61.932677 -36737.781417
82.879010 -36724.918712
101.950862 -36722.364968
116.195446 -36722.076650
130.779731 -36722.076650
162.533562 -36716.392342
187.438514 -36716.392342
215.520734 -36716.392342
277.966900 -36712.479566
320.121111 -36710.976450
350.268140 -36710.976450
380.148959 -36710.976450
439.886164 -36710.474447
480.648697 -36709.354504
511.177747 -36709.354504
541.805370 -36706.434733
580.906336 -36704.393956
612.449471 -36704.298484
638.682748 -36704.298484
666.687321 -36704.298484
726.606470 -36704.298484
814.844592 -36704.298484
