5.900077 -46205.617145
12.183862 -45966.152716
30.938013 -45946.246225
69.971454 -45946.246224
94.942542 -45919.134410
118.209847 -45906.680999
140.030662 -45897.164556
161.375951 -45889.814107
181.819043 -45887.262665
202.710501 -45885.025244
221.083360 -45884.714025
231.814670 -45884.714025
267.091398 -45881.342940
297.066380 -45880.631246
318.732005 -45880.631246
348.058422 -45879.479431
378.939878 -45879.479431
412.541196 -45879.437940
451.153731 -45878.780648
475.961548 -45878.780647
506.606026 -45878.780647
556.483252 -45878.780647
620.415682 -45878.780647
