2.704071 -101332.220346
7.562796 -101077.644424
32.235915 -94490.179918
58.939912 -94445.648131
82.014118 -94438.040193
100.552288 -94436.282404
118.130762 -94435.904978
136.033620 -94435.720806
157.873740 -94435.320945
177.553737 -94435.154584
196.058956 -94434.491462
217.063216 -94434.491461
259.776847 -94424.814531
295.631795 -94424.231432
331.951587 -94423.140051
366.752136 -94423.084695
401.469237 -94423.084695
437.041669 -94417.797356
487.846899 -94416.390695
527.615640 -94416.390695
562.279779 -94416.390694
619.613565 -94416.390694
705.872584 -94416.390694
