11.493902 -165393.603416
22.449464 -165139.488676
62.637261 -165101.772558
158.142269 -165077.256083
303.185700 -164956.719383
376.017238 -164878.659018
445.802099 -164868.159739
504.713025 -164860.800707
560.706759 -164857.079657
611.667888 -164848.901993
662.168955 -164848.585471
715.614859 -164840.674163
767.639318 -164833.266355
816.784162 -164830.736583
863.015092 -164830.571214
909.384491 -164830.537165
956.877479 -164830.537165
1012.610073 -164821.006733
1063.632342 -164820.201320
1112.884268 -164819.951741
1161.671942 -164819.855499
1210.650740 -164819.855499
1277.270805 -164818.484813
1342.175458 -164815.798084
1397.738687 -164815.739639
1450.246190 -164815.739639
1521.100205 -164810.820547
1585.585672 -164810.609384
1641.658283 -164809.804819
1693.990785 -164809.660489
1744.592400 -164809.635903
1794.622109 -164809.493465
1844.398979 -164809.493465
1913.996835 -164809.493465
2049.297339 -164809.342318
2122.803112 -164804.601943
2182.503449 -164804.601943
2261.858509 -164804.601943
2395.623519 -164804.601943
2552.656351 -164804.601943
