3.766061 -32073.161983
7.720737 -31817.797859
19.092052 -31798.879680
41.145079 -31768.217479
74.175992 -31765.184712
115.139817 -31762.483428
117.170062 -31762.483286
135.624143 -31688.986437
152.107495 -31671.229341
168.594127 -31664.716671
184.326473 -31659.434155
199.735343 -31652.436054
212.780239 -31650.695592
224.507397 -31650.568702
236.073741 -31650.494786
249.569209 -31650.494786
273.901319 -31646.314836
295.898868 -31645.072238
315.825373 -31642.570921
334.196017 -31642.546324
352.628514 -31642.546324
373.182826 -31642.546324
409.527417 -31637.473900
439.703516 -31637.433120
462.528960 -31637.433120
484.784459 -31637.433120
520.229280 -31637.433120
562.286467 -31633.178062
591.968858 -31629.056822
615.198577 -31629.056822
637.810014 -31629.056822
673.485137 -31629.056822
714.768539 -31629.056822
