3.248793 -103169.890855
7.214601 -102844.953473
31.439971 -92723.068535
57.496131 -92581.442035
80.249919 -92559.527234
102.418082 -92545.464784
123.548888 -92545.464784
166.910611 -92537.467561
205.218815 -92536.535155
248.018236 -92526.607700
288.583325 -92520.740524
330.890434 -92513.281417
368.857455 -92509.897071
405.594816 -92509.758643
442.444149 -92509.738691
479.184759 -92509.738691
514.733819 -92502.888623
566.750031 -92499.472675
609.517832 -92499.446419
648.732457 -92499.446419
684.311252 -92499.446419
748.559563 -92499.366966
801.532045 -92499.353076
845.999469 -92499.353076
883.273077 -92499.353076
948.672030 -92499.353076
1040.306181 -92499.353076
