12.467811 -138431.124783
20.629337 -138125.567310
48.574194 -138118.922959
115.654120 -138118.922959
144.281051 -138058.976370
168.160814 -138056.252583
193.975357 -138036.162171
218.122747 -138034.432281
241.149709 -138032.664711
263.953108 -138032.569189
286.633629 -138032.183868
309.299355 -138030.251629
332.131830 -138029.344213
354.847434 -138029.233026
379.354402 -138026.154560
402.280562 -138026.114542
433.511708 -138026.114542
473.658226 -138017.652333
510.176717 -138017.297977
546.024821 -138015.711942
581.388621 -138015.548836
616.673870 -138015.510674
652.019694 -138015.440481
687.319130 -138015.440481
725.295110 -138015.440481
799.976077 -138015.440481
894.032178 -138011.004204
952.261214 -138011.004204
1003.734730 -138011.004204
1074.645139 -138011.004204
1169.826034 -138011.004204
