4.024041 -34886.882063
8.144602 -34585.768850
19.839620 -34497.853550
42.048891 -34482.882475
74.361773 -34479.172922
119.589522 -34282.219892
145.213269 -34210.606583
167.002153 -34191.574212
183.820375 -34189.721704
202.022884 -34187.482754
220.825085 -34187.068856
233.527132 -34186.887345
246.800234 -34185.630276
276.459543 -34181.827370
304.379069 -34181.121753
326.217312 -34180.660397
351.320572 -34179.130243
371.939234 -34179.130243
395.641605 -34177.849873
428.535339 -34177.512873
454.085462 -34177.512873
479.395984 -34177.512873
521.551440 -34177.512873
573.149298 -34177.512873
