3.243060 -90206.422938
7.701577 -89984.388094
19.071565 -89916.259779
40.787114 -89876.176725
97.904283 -81237.164097
136.268846 -81099.862877
168.222054 -81081.867439
188.504096 -81080.817847
214.680448 -81078.759668
233.339984 -81074.701889
262.741041 -81071.706943
281.649002 -81071.180382
300.987396 -81070.707471
319.733143 -81070.627795
340.227834 -81069.785409
358.556786 -81069.758893
384.961154 -81069.758893
432.208042 -81054.754769
467.268171 -81053.471515
507.073770 -81049.779171
541.073694 -81049.323735
580.800922 -81045.600242
613.092169 -81045.477678
645.530158 -81045.477678
683.048099 -81045.477678
746.259412 -81045.477678
836.981506 -81045.477678
