4.367344 -151619.509728
10.709947 -151413.718999
28.318100 -151397.879484
64.197463 -151397.041814
140.578803 -141023.280220
190.788177 -140909.117290
239.820545 -140885.528915
282.619352 -140875.412171
322.161991 -140873.765942
360.618979 -140870.258340
398.377258 -140869.992639
438.011329 -140869.992639
489.637075 -140863.229448
538.117255 -140862.126334
586.276274 -140858.300117
633.890140 -140857.194421
680.466123 -140857.194421
731.717063 -140857.194421
840.608750 -140857.194421
1003.502498 -140857.194421
