1.857538 -69308.054283
4.172825 -68988.893080
18.897227 -65174.749317
41.493952 -65082.657345
63.436426 -65045.073866
82.725946 -65038.983401
102.101920 -65037.789350
117.530003 -65037.257996
134.103413 -65035.871561
150.585320 -65035.757100
165.884148 -65035.706411
183.360624 -65035.706411
219.635016 -65032.005964
250.323921 -65031.658997
280.311965 -65031.382714
310.071633 -65031.172197
339.671939 -65031.030110
369.349519 -65030.992797
398.986561 -65030.992797
431.001878 -65026.534241
475.465267 -65025.061783
510.775520 -65025.061783
544.617144 -65025.061783
616.641338 -65025.061783
731.319195 -65025.061783
