5.918361 -55497.954096
10.406798 -55206.934895
25.740342 -55197.063049
59.533501 -55174.866434
114.607653 -55174.866434
137.943620 -55108.962882
158.426011 -55086.030294
177.630329 -55062.612521
194.900979 -55054.915875
210.884556 -55054.015022
226.556416 -55052.786237
242.008762 -55051.941734
257.369720 -55051.025819
273.144194 -55043.232902
287.161677 -55042.078688
301.266788 -55040.036792
315.610096 -55039.097367
329.795993 -55038.857463
346.919557 -55038.857463
372.397489 -55037.278460
395.058340 -55036.983550
417.719454 -55036.262192
440.918104 -55034.495421
462.304114 -55034.495421
486.427405 -55034.495421
537.691940 -55034.495421
599.338211 -55034.495421
