7.664405 -103051.082307
14.234482 -102665.149795
35.783585 -102601.527727
85.406798 -102601.527727
117.844056 -102522.864706
145.573207 -102490.457730
171.940048 -102473.021462
193.902268 -102461.206656
214.201369 -102461.006965
239.971860 -102461.006965
277.424840 -102455.583654
310.019781 -102455.172554
341.795795 -102454.767181
373.373736 -102453.680075
404.672772 -102452.875343
435.948775 -102452.503017
467.303234 -102452.503017
501.296340 -102452.503017
580.316516 -102452.503017
684.351268 -102452.503017
