1.516527 -44375.874250
3.446941 -44045.867716
9.817347 -44021.532168
23.739523 -44004.089548
46.048866 -44000.011037
80.158948 -40183.792629
107.771662 -40072.529308
132.663742 -40040.935093
156.816409 -40024.809077
179.850807 -40008.153502
200.901320 -40002.391662
221.984073 -39996.847135
241.470033 -39993.646090
260.727140 -39991.806775
280.178723 -39990.911675
301.603239 -39984.965832
320.246104 -39984.636632
338.823996 -39984.534406
357.566107 -39984.299924
376.570822 -39984.230256
395.275109 -39984.216888
415.777759 -39984.216888
447.335031 -39983.325100
474.611077 -39983.325100
504.393267 -39983.325100
557.128273 -39983.325100
627.922423 -39983.325100
