3.179392 -148209.031326
6.583918 -147839.111971
19.206872 -147778.661842
54.733475 -138458.643054
94.895617 -138321.740276
129.806715 -138279.914501
164.183584 -138267.438498
195.547450 -138261.289200
225.582029 -138261.289200
271.322516 -138254.438937
309.976343 -138253.341022
347.720146 -138253.311385
385.812330 -138252.844431
423.339975 -138252.241029
460.761086 -138252.109738
498.380184 -138252.071015
536.420319 -138251.001511
574.952805 -138249.544967
613.111687 -138249.544967
659.524018 -138249.544967
749.465683 -138249.544967
860.140203 -138249.544967
