7.487457 -81339.393007
13.825209 -81056.741325
32.261282 -81012.836624
72.500995 -81012.836624
98.747255 -80940.734398
121.612760 -80919.154135
144.806480 -80905.240161
164.631240 -80903.826058
183.530351 -80903.085694
201.790111 -80902.781110
220.005421 -80902.484696
237.969715 -80902.018541
258.716710 -80898.661765
278.875620 -80895.507536
297.318497 -80888.680507
319.848877 -80888.680507
354.055516 -80879.456222
384.618446 -80877.926386
414.423696 -80877.246912
443.849341 -80877.246912
471.294100 -80877.246912
516.220704 -80877.246912
584.057992 -80877.246912
