2.011244 -125291.481739
4.800466 -124908.814490
13.677437 -124883.888863
37.833825 -114066.412159
63.622702 -113980.702599
89.653682 -113968.892735
112.797709 -113961.412126
133.520521 -113960.575082
153.341780 -113960.314574
172.885143 -113960.061003
192.857937 -113960.061003
229.686877 -113957.218234
263.300313 -113956.200092
295.753784 -113956.063610
327.924005 -113955.951090
360.011393 -113955.951090
391.982390 -113945.968659
437.483146 -113945.968659
475.432714 -113945.968659
533.079313 -113943.046945
581.985852 -113935.969230
621.318805 -113935.969230
655.513938 -113928.075226
700.543266 -113927.459531
738.017810 -113926.580141
772.074484 -113926.580141
804.250947 -113926.580141
864.878403 -113926.580141
935.642429 -113926.580141
