2.990544 -36012.222501
8.036912 -35740.505006
23.607073 -35699.294398
56.801095 -35686.835836
109.445464 -35686.835732
132.768776 -35632.800159
154.768397 -35615.083523
175.728787 -35610.707283
193.078464 -35609.681850
210.162364 -35609.656301
227.605289 -35609.656301
257.304771 -35608.518550
284.740503 -35608.419247
311.513730 -35608.378963
338.014342 -35608.378963
365.921011 -35608.161173
404.473177 -35607.577961
436.071469 -35607.175704
464.343603 -35606.651877
491.376366 -35606.651877
519.375667 -35606.651877
576.685108 -35606.651877
658.121068 -35606.651877
