2.912831 -117147.131583
7.499842 -116818.594155
20.121048 -116784.175833
59.089205 -107780.498205
93.183490 -107688.925005
122.525731 -107666.334026
151.014235 -107659.294261
177.290762 -107658.124908
202.911330 -107656.922909
229.495904 -107655.481827
258.256388 -107654.806986
290.907834 -107316.948089
338.245911 -107308.257335
378.103276 -107308.090688
419.697267 -107306.129536
459.488453 -107302.639856
498.312664 -107302.598500
537.306716 -107302.598500
578.559787 -107302.598500
644.462876 -107302.598500
735.058041 -107302.598500
