2.427926 -90423.470342
5.825940 -90241.439553
27.921224 -83391.578734
52.664265 -83308.292646
75.606589 -83290.062177
96.516543 -83288.028477
114.493214 -83286.787306
132.641190 -83286.258875
152.480002 -83280.748520
170.282083 -83280.569579
187.987029 -83280.453106
206.940059 -83280.453106
245.581363 -83272.429546
280.783210 -83270.193508
313.782227 -83270.193508
347.952739 -83267.770740
397.815236 -83265.643203
437.591126 -83265.643203
473.096389 -83265.643203
555.544429 -83265.643203
685.630503 -83265.643203
