2.180895 -91266.267546
5.127556 -90974.169211
21.485013 -84210.109885
44.411653 -84098.005461
65.891702 -84061.483610
87.249088 -84050.655997
105.792193 -84050.414825
124.404092 -84050.217463
142.851768 -84050.181434
162.353049 -84050.181434
198.620753 -84043.886887
232.224692 -84043.146083
265.111027 -84043.064377
297.858345 -84043.051593
330.481790 -84043.051593
367.980845 -84023.768549
417.981394 -84018.976976
458.067765 -84015.870772
492.999440 -84015.698966
525.970403 -84015.698966
561.322984 -84015.698966
632.188640 -84015.698966
720.565652 -84015.698966
