2.809060 -129914.716236
6.498322 -129616.751741
18.280527 -129574.119139
56.162012 -121714.056177
91.959114 -121599.588562
124.165000 -121560.940011
154.555773 -121547.657643
181.088430 -121547.293078
206.452853 -121547.116630
231.830887 -121546.952863
257.218587 -121546.171873
282.237125 -121546.096359
306.795101 -121546.057228
333.423235 -121535.686598
358.385297 -121518.194723
387.801706 -121518.194723
432.191679 -121493.504629
471.456473 -121492.408466
510.430071 -121489.754865
548.048902 -121489.397335
585.219812 -121489.154221
622.371581 -121489.060380
659.622689 -121489.009148
696.838160 -121488.987162
734.044442 -121488.987162
771.874543 -121488.987162
848.155594 -121488.987162
961.783972 -121488.987162
