4.913986 -41572.359310
9.931391 -41295.128314
25.720523 -41234.653161
60.577382 -41234.653152
80.728023 -41171.482065
100.466674 -41157.100847
119.380444 -41147.858117
137.885022 -41143.539917
156.108558 -41139.804510
172.640147 -41139.721687
188.196844 -41139.682418
206.579602 -41139.682418
235.678514 -41138.164939
262.197461 -41138.071484
287.919002 -41138.039753
312.538612 -41138.039753
339.884414 -41136.840657
376.545510 -41136.840657
408.322044 -41136.840657
460.611760 -41136.840657
536.495128 -41136.840657
