11.042979 -172450.448130
19.066501 -172083.512206
43.255191 -172080.857054
99.776685 -172080.857054
142.137320 -172002.339200
177.370211 -171977.266501
209.405794 -171971.512217
240.760398 -171965.691287
270.252899 -171963.907649
299.626713 -171961.785132
327.418853 -171960.829516
354.782779 -171960.169581
382.779278 -171956.299030
411.988079 -171940.393009
439.012597 -171940.011759
473.713405 -171940.011759
523.794119 -171909.085019
565.341422 -171907.318317
605.272701 -171906.818867
644.507737 -171906.736128
683.545062 -171905.876239
722.923154 -171899.937128
761.978611 -171896.910771
802.142067 -171896.460707
841.491420 -171895.779488
880.799046 -171895.779488
921.704550 -171895.779488
995.784470 -171895.779488
1094.419301 -171895.779488
