10.365222 -112629.735335
17.281397 -112247.100510
37.442753 -112221.888794
84.515224 -112221.888794
112.324234 -112145.377488
138.571589 -112130.757380
160.339679 -112128.783425
181.342233 -112127.637538
202.715205 -112124.116332
223.414372 -112122.839821
245.127308 -112122.027029
272.249935 -112122.027029
310.476145 -112116.821845
345.314477 -112116.710206
379.235635 -112116.314638
412.604506 -112116.188478
446.078469 -112116.188478
478.104563 -112115.350341
525.945867 -112114.999462
565.964558 -112114.999462
599.854771 -112114.999462
654.085683 -112114.999462
735.961283 -112114.999462
