6.832080 -62217.567291
12.832269 -61851.691980
31.566135 -61842.197793
76.087702 -61842.197793
102.462615 -61782.087155
127.033983 -61747.821663
150.325521 -61723.563533
172.188031 -61718.110671
191.132588 -61716.019201
209.535652 -61715.619960
227.948014 -61715.493204
248.577204 -61711.007339
267.860245 -61706.062826
285.915244 -61706.025937
308.591350 -61706.025937
341.689398 -61704.390507
372.371661 -61703.880918
402.074516 -61703.518188
431.546330 -61703.356356
460.820228 -61703.272393
490.035292 -61703.272393
521.129387 -61703.272393
596.202914 -61698.534359
642.365725 -61696.198961
677.726543 -61696.198961
711.957657 -61692.346340
754.484808 -61691.775155
788.654378 -61691.775155
822.008420 -61691.377814
863.695549 -61691.377814
901.508775 -61691.377814
972.383975 -61691.377814
1082.190618 -61691.377814
