2.752135 -101302.072552
5.721568 -101074.813708
17.188784 -101043.526692
52.121125 -93655.427480
80.561088 -93579.496475
104.629953 -93524.206010
128.473766 -93467.740469
151.816417 -93445.086164
173.865356 -93417.883214
194.946878 -93401.607004
215.532761 -93394.360267
234.508467 -93394.100047
253.719659 -93391.374131
272.693162 -93391.330782
293.098018 -93391.330782
327.696978 -93388.971557
360.057336 -93388.272226
391.721008 -93388.272226
424.348667 -93388.272226
498.742932 -93388.272226
587.705624 -93388.272226
