6.941031 -87905.433618
12.464072 -87605.577374
33.403721 -87605.577374
51.135630 -87548.202361
68.343819 -87524.447342
83.277568 -87520.078602
98.135371 -87511.650100
112.083290 -87509.141398
125.544543 -87507.825882
138.813533 -87507.711216
156.443029 -87507.711216
186.702154 -87505.726165
214.078858 -87504.782767
240.826094 -87504.293120
268.140239 -87501.023916
294.771587 -87498.518980
320.706576 -87498.472080
346.546695 -87498.472080
371.741272 -87497.357913
407.723562 -87494.718592
437.763539 -87494.718592
463.884024 -87494.547421
499.858637 -87493.748892
530.074519 -87492.553273
557.442082 -87492.553273
582.326773 -87490.213645
618.135578 -87488.030445
647.924147 -87487.313062
675.685970 -87486.345303
702.026417 -87486.345303
726.561852 -87486.167219
762.217581 -87486.056643
791.937286 -87485.986513
819.346694 -87485.986513
844.183468 -87485.986513
888.165898 -87485.986513
952.320923 -87485.986513
