2.413813 -129475.152545
5.764114 -129085.413310
16.362000 -129068.565032
36.436562 -129048.564603
74.351361 -122940.859921
118.057323 -122824.195779
155.225558 -122793.702698
189.916273 -122787.876600
220.893458 -122787.444098
250.961253 -122787.260733
281.922556 -122786.164849
312.172059 -122786.164849
356.393285 -122778.151436
396.509099 -122775.175709
435.244939 -122774.739397
473.485081 -122774.739397
522.046696 -122773.848306
573.235875 -122770.899965
616.210653 -122770.899965
667.523410 -122770.899965
743.953133 -122770.899965
846.180854 -122770.899965
