2.030923 -79407.048172
4.687019 -79120.202124
12.488007 -78907.067622
27.859285 -78892.818123
61.253417 -71220.944161
94.504510 -71012.169803
126.119986 -70979.613329
154.940427 -70963.088702
181.179166 -70959.270447
204.893774 -70958.844085
231.382218 -70958.844085
267.887470 -70952.543532
299.940368 -70951.343922
331.448076 -70950.739498
362.785948 -70949.834599
396.529930 -70949.517368
427.967746 -70948.228344
459.509657 -70947.804121
493.309339 -70945.408847
524.975934 -70945.408847
559.122798 -70943.695611
599.512796 -70943.305097
634.603593 -70943.206516
667.455663 -70943.206516
702.087458 -70942.853175
742.255566 -70942.799564
776.697193 -70942.799564
812.554223 -70942.799564
871.545289 -70942.799564
939.410339 -70942.799564
