1.884265 -95160.898455
4.357700 -94987.158765
11.585937 -94981.584462
33.893644 -90297.023300
57.369482 -90191.761688
77.398322 -90154.345105
98.688349 -90141.916631
120.925719 -90136.884412
140.667898 -90123.059915
158.481704 -90122.584205
176.099221 -90122.317707
197.027329 -89972.092176
229.561026 -89969.964968
260.396302 -89968.356728
291.878231 -89966.575052
321.789470 -89966.503529
351.688481 -89966.477199
381.623468 -89965.821085
412.602687 -89963.840748
442.279007 -89963.840748
470.123915 -89963.840748
531.100759 -89963.840748
620.860529 -89963.840748
