2.401122 -146756.764295
6.132040 -146556.346876
17.909548 -146508.127423
41.886332 -146502.719244
85.132666 -138849.688152
125.399919 -138770.736931
161.596404 -138745.757268
194.465991 -138733.380539
223.712020 -138731.352779
251.772250 -138730.593074
280.004826 -138729.839534
307.679766 -138726.928041
335.103417 -138724.949865
361.844887 -138724.915118
393.940116 -138530.715768
438.558552 -138524.630256
481.035473 -138512.545380
520.220076 -138511.959073
558.980064 -138511.441792
598.789419 -138506.219339
636.491980 -138505.946122
674.329399 -138505.788117
712.221096 -138505.788117
752.908842 -138505.788117
835.631070 -138505.788117
937.274493 -138505.788117
