4.720200 -65949.410797
10.633379 -65723.721903
28.947589 -65705.658227
65.526276 -65704.572628
126.919972 -65704.572626
151.307017 -65656.939792
175.960554 -65640.973991
200.001912 -65628.126469
221.618453 -65625.065063
240.465449 -65623.576066
258.917309 -65622.366498
277.433348 -65622.238674
296.910124 -65621.750582
315.505571 -65621.653573
336.831453 -65621.653573
371.978565 -65621.001028
403.774183 -65620.769113
433.598511 -65620.750217
463.036360 -65620.750217
494.627998 -65620.750217
547.182948 -65620.750217
625.373500 -65620.750217
