16.079175 -136996.844211
25.039525 -136627.426129
62.698140 -136627.426129
91.411620 -136566.929110
115.898873 -136548.743352
139.169906 -136547.140200
162.728816 -136542.436105
195.134540 -136542.436105
241.326040 -136531.510274
284.458478 -136524.667534
324.671558 -136524.174133
364.280494 -136523.863784
403.529360 -136523.514501
442.837178 -136523.309142
482.450837 -136519.139408
521.645869 -136519.139408
561.601935 -136508.654948
621.323471 -136507.598251
670.710657 -136502.953320
713.702888 -136502.953320
753.398074 -136502.953320
834.665983 -136502.953320
981.308889 -136502.953320
