1.360393 -44520.485361
2.549875 -44196.050379
6.495907 -44147.851015
15.364693 -44100.002933
33.921714 -39931.095410
73.131799 -39820.929761
103.743730 -39801.054638
133.416702 -39791.304060
159.126350 -39788.909356
183.898297 -39784.098068
205.440231 -39782.963789
227.303393 -39782.270519
250.102607 -39768.192728
271.628449 -39767.525163
294.463833 -39765.963464
316.402981 -39763.998546
337.969482 -39763.844361
360.714572 -39763.566092
382.264650 -39763.423325
403.775543 -39762.555816
424.357413 -39762.450945
445.241783 -39762.373303
466.287623 -39761.171676
488.215015 -39761.171676
521.741870 -39757.830521
552.440133 -39757.028474
582.661488 -39756.988552
611.513583 -39756.988552
644.817311 -39756.988552
721.406090 -39756.988552
819.267628 -39756.988552
