1.212707 -47607.374744
2.603757 -47177.433164
6.944753 -47139.771675
15.291557 -47083.201182
27.990114 -47075.926149
49.301663 -43777.091661
75.521791 -43703.326330
100.045363 -43670.197959
121.191071 -43663.070324
139.002755 -43657.027450
157.253035 -43654.008967
175.885135 -43652.385718
192.341620 -43651.881163
209.563578 -43651.779753
225.548921 -43651.765314
241.932775 -43651.765314
271.313474 -43650.732240
297.255084 -43650.613357
322.546299 -43650.613357
349.979160 -43650.613357
403.579353 -43650.613357
471.793309 -43648.968543
517.174793 -43638.442606
553.326718 -43634.074638
583.213826 -43631.440501
609.095957 -43631.325270
634.054728 -43631.292175
658.611674 -43631.292175
685.657612 -43631.292175
740.221754 -43631.292175
812.897867 -43631.292175
