1.205440 -46695.576331
2.847582 -46406.539806
7.406254 -46327.796150
16.024030 -46300.888227
28.905231 -46289.930521
49.813970 -44322.781336
79.163045 -44241.126634
107.645314 -44224.047286
131.055921 -44209.381231
154.830006 -44199.815410
178.137557 -44197.226231
198.225385 -44197.204348
218.790621 -44197.204348
253.863538 -44192.832299
284.898072 -44191.909498
317.550770 -44188.732704
347.420869 -44188.678472
377.483158 -44188.678472
409.765793 -44188.678472
471.257143 -44188.678472
544.626956 -44188.678472
