1.650264 -65499.784804
3.627100 -65264.532546
10.102940 -65119.474910
31.066013 -58427.425050
57.033402 -58291.568443
79.149974 -58218.765139
101.048717 -58184.489005
123.217688 -58151.775947
144.215582 -58126.267411
161.908314 -58118.805814
177.868004 -58117.610096
196.509777 -58117.610096
227.492532 -58112.707995
258.061301 -58106.977679
285.182308 -58105.452651
311.784184 -58105.188999
338.266422 -58105.188999
366.897462 -58105.188999
422.786896 -58105.188999
482.882090 -58104.348890
528.398780 -58103.118734
564.084429 -58103.118734
595.672490 -58103.118734
648.159341 -58103.118734
707.964158 -58103.118734
