4.727639 -77617.653846
11.113880 -77406.052811
33.137743 -77350.235439
81.933224 -77350.235439
109.338483 -77294.836957
133.326351 -77270.784691
153.464417 -77257.467549
172.693601 -77255.175112
191.706471 -77254.595447
210.150357 -77254.130066
229.427487 -77253.842858
247.726138 -77253.686927
266.563922 -77253.667975
285.424719 -77249.068443
304.130915 -77249.049539
323.172463 -77249.049539
355.363476 -77244.635486
385.166777 -77244.635486
417.994628 -77244.635486
486.916887 -77244.635486
570.112813 -77244.635486
