2.417255 -45569.641576
7.845569 -45321.628389
23.979525 -45287.775041
56.512282 -45261.514961
105.225696 -45258.961868
169.673101 -45258.961867
189.350221 -45178.216178
206.770435 -45156.540014
222.298547 -45152.888026
236.036115 -45151.590353
249.636856 -45150.460589
263.113569 -45150.088566
276.479110 -45150.012001
289.747314 -45149.952413
303.011323 -45149.912054
316.610256 -45148.748888
331.309082 -45146.064218
345.647650 -45146.064218
373.166586 -45141.656278
397.169354 -45141.353741
420.476227 -45141.229105
443.863949 -45139.900560
466.667307 -45139.580944
489.378313 -45139.542794
512.172415 -45139.512925
534.772042 -45139.512925
557.997510 -45139.512925
602.923708 -45139.512925
660.186654 -45139.512925
