8.933507 -108130.575426
15.829330 -107944.827224
36.628795 -107936.271511
86.405293 -107936.271509
111.816408 -107896.117710
134.714474 -107882.097228
154.729641 -107881.160184
175.227559 -107878.418777
195.283374 -107876.519359
215.576175 -107866.459112
237.244150 -107861.721571
257.424103 -107860.201471
277.707609 -107857.925428
303.328367 -107857.925428
340.389273 -107847.832006
372.658920 -107846.903307
404.247861 -107846.715859
435.657344 -107846.564267
467.369656 -107846.564267
500.857070 -107846.564267
564.694852 -107846.564267
673.994829 -107846.564267
