3.793268 -138599.167812
6.792863 -138098.714445
17.600522 -138023.663734
49.293440 -130817.389676
94.303305 -130713.078762
134.050613 -130685.149705
171.590169 -130660.183822
205.494596 -130641.704270
237.711421 -130632.530945
266.524606 -130630.981949
296.352646 -130621.613258
323.625209 -130621.613258
368.343565 -130613.220404
407.913105 -130612.541068
447.377157 -130610.441632
485.185393 -130610.441632
528.817302 -130610.441632
619.883086 -130610.441632
744.359806 -130608.348655
799.003562 -130608.195306
844.441555 -130608.195306
893.096213 -130608.195306
980.847462 -130606.544080
1034.707903 -130605.665965
1079.574480 -130605.665965
1127.822095 -130605.665965
1215.048736 -130605.665965
1341.262961 -130605.665965
