1.715423 -56929.842048
3.425996 -56661.821996
9.236282 -56617.438947
21.619864 -56614.871258
46.241382 -53606.406627
70.036199 -53553.991506
91.135404 -53534.453054
109.722424 -53531.537110
127.443902 -53531.019694
147.280297 -53529.687814
164.534304 -53529.431338
181.725729 -53529.133819
199.445914 -53529.133819
231.581770 -53527.171300
260.418655 -53526.190441
287.944835 -53526.163598
315.097902 -53526.149500
342.110156 -53526.149500
372.289415 -53526.149500
426.906515 -53526.149500
500.410295 -53526.149500
