10.757477 -118741.735300
18.857733 -118537.915757
42.229801 -118509.646937
94.831029 -118509.646937
126.298522 -118424.974999
153.646653 -118355.605121
177.302895 -118349.072801
198.678147 -118348.989166
219.624877 -118348.867452
240.694568 -118348.827709
268.747656 -118348.827709
309.061755 -118338.848578
344.966861 -118338.528110
380.198766 -118338.302167
415.228095 -118338.154180
450.131699 -118338.056556
484.538643 -118338.056556
519.371339 -118338.056556
580.174243 -118338.056556
667.206366 -118338.056556
