4.788829 -58961.610249
9.882446 -58757.404866
25.145957 -58749.341950
58.737914 -58725.858952
114.799162 -58725.858951
136.984981 -58657.920286
158.733260 -58622.524589
178.428747 -58597.638689
197.421820 -58589.913290
217.121114 -58580.964139
234.828744 -58573.677528
252.952321 -58568.194284
269.790713 -58567.306430
286.232917 -58567.265760
305.254185 -58567.265760
335.055699 -58565.266200
361.776765 -58565.206916
387.986820 -58565.206916
414.186516 -58563.847991
449.258141 -58563.265528
479.012029 -58563.265528
506.421921 -58563.265528
561.320986 -58563.265528
638.995134 -58563.265528
