1.802029 -72550.489312
4.019888 -72221.365652
10.423130 -72202.286805
22.649258 -72187.323160
48.892840 -68712.445966
77.076184 -68646.688902
103.705970 -68619.986734
125.620787 -68618.225563
145.950434 -68617.835293
169.068606 -68615.638645
189.075120 -68615.564666
209.561075 -68615.340313
231.194569 -68615.340313
259.338655 -68614.322762
286.793121 -68613.787406
314.268361 -68613.139887
341.353767 -68612.660613
368.255474 -68612.411799
395.386809 -68612.198878
422.057763 -68612.034456
448.816185 -68612.000404
475.476637 -68612.000404
503.297402 -68612.000404
558.527801 -68612.000404
638.403147 -68612.000404
