1.475030 -50542.813181
3.584317 -50275.558373
9.695905 -50245.229289
31.050208 -46920.157723
55.147380 -46827.788156
77.418032 -46790.187684
97.654519 -46777.346461
115.720405 -46776.059272
132.415757 -46775.913273
149.140271 -46775.773211
165.420307 -46774.784642
182.128923 -46774.749511
202.617752 -46771.660964
219.779063 -46771.660964
250.979914 -46769.460269
279.626676 -46768.440265
307.062389 -46768.315505
334.162458 -46768.315505
364.491111 -46768.302349
409.537172 -46765.987216
443.170119 -46764.688745
472.693038 -46763.989780
500.646235 -46763.989780
530.504957 -46763.989780
597.606626 -46763.439114
642.235607 -46763.439114
680.516477 -46762.384957
721.525098 -46761.710957
756.652843 -46760.779160
786.162755 -46760.779160
816.086701 -46760.779160
883.052309 -46760.779160
973.109658 -46760.779160
