1.710609 -70181.274259
3.665798 -69973.674112
14.302022 -66293.666687
34.902646 -66234.755929
53.323490 -66218.488052
71.494981 -66202.726781
89.962631 -66194.558615
107.439730 -66189.762430
124.674853 -66186.026225
139.780141 -66184.356384
155.253078 -66183.227748
170.279844 -66182.638989
185.418773 -66182.458733
201.026036 -66182.458733
235.437182 -66176.267379
264.733923 -66174.129762
295.169059 -66166.400089
323.211704 -66164.536418
349.958961 -66164.536418
382.295521 -66155.320886
425.883416 -66148.461681
462.411051 -66143.641600
492.707116 -66143.641600
524.502429 -66141.023015
564.719151 -66140.705035
598.177466 -66140.705035
630.468644 -66140.705035
693.352423 -66140.705035
791.584263 -66140.705035
