2.979675 -123114.553128
5.869230 -122818.050464
15.640679 -122622.143055
36.785330 -122491.911743
69.274146 -122487.461086
117.657929 -114938.797109
169.679893 -114749.457741
212.424100 -114669.584044
248.966014 -114635.058013
280.823593 -114630.710343
312.497054 -114627.287284
341.140989 -114626.874904
369.220699 -114626.280023
398.840389 -114620.334994
425.950735 -114618.851054
455.105500 -114618.851054
496.570508 -114615.759416
535.156728 -114614.681006
571.991275 -114614.681006
613.609871 -114614.681006
695.804199 -114614.681006
793.226386 -114614.681006
