5.767605 -76742.410694
12.433342 -76498.374412
34.259035 -76494.846101
78.856165 -76494.846101
105.420326 -76432.726182
129.629020 -76422.950410
152.336058 -76417.384543
172.983366 -76416.820727
192.988944 -76416.252742
213.031239 -76415.896354
232.676303 -76414.848039
254.131454 -76411.613771
274.062711 -76411.504152
293.956375 -76410.795537
313.607850 -76408.625859
332.859222 -76408.549618
352.075173 -76408.532441
371.320578 -76404.826006
391.214271 -76404.753678
412.077927 -76404.753678
448.913088 -76402.617192
481.915969 -76402.420247
513.776339 -76402.420247
546.895175 -76402.420247
608.307342 -76402.420247
689.830484 -76402.420247
