3.019569 -159612.948014
7.864859 -159389.849200
22.625817 -159366.926766
53.081688 -159348.845857
111.706771 -150871.998319
149.378642 -150796.027759
179.433229 -150769.956943
208.156229 -150758.493492
237.657448 -150755.028900
266.860381 -150754.909407
295.875389 -150754.879345
324.740251 -150754.858197
355.706984 -150752.696124
400.239820 -150746.737970
441.133222 -150746.427843
481.989867 -150745.540483
522.370785 -150745.314250
562.548887 -150745.221734
602.683691 -150745.221734
644.677498 -150745.221734
730.198422 -150745.221734
882.905482 -150745.221734
