2.498754 -79051.975156
5.947348 -78921.650103
15.975004 -78886.161139
48.230214 -72930.042005
77.726947 -72846.362054
104.495905 -72816.410106
128.172161 -72798.103056
149.234323 -72792.791360
170.130637 -72789.459560
187.850617 -72789.139723
208.371746 -72778.883742
227.158863 -72776.274737
244.746097 -72776.238385
265.138265 -72776.238385
303.021371 -72771.641978
335.421150 -72771.524953
366.930115 -72771.481524
397.903834 -72771.442867
428.807713 -72771.442867
460.077405 -72771.442867
517.358861 -72771.442867
602.121462 -72766.775225
652.917689 -72765.570866
697.134413 -72763.641514
731.887966 -72763.641514
763.899533 -72763.641514
819.809944 -72763.641514
903.523320 -72763.641514
