2.656340 -148210.647032
7.110821 -147957.820106
21.144958 -147918.120913
50.501419 -147911.906986
105.719128 -138956.394552
146.755220 -138890.230657
180.490346 -138854.952182
212.589532 -138839.788130
242.590830 -138824.571087
267.125332 -138824.373625
299.334336 -135415.035742
348.963400 -135393.652507
394.573869 -135391.657752
438.294714 -135380.564752
480.123100 -135377.236627
520.657620 -135377.186534
561.431063 -135377.186534
603.264229 -135377.186534
689.730179 -135377.186534
824.226143 -135377.186534
