7.486499 -84037.513298
13.948691 -83855.088328
34.440466 -83776.203658
78.411034 -83776.203658
102.455677 -83712.090551
125.160225 -83694.333696
143.999291 -83688.616359
162.375377 -83688.303102
180.415818 -83687.994275
198.610689 -83687.739987
216.874760 -83687.579601
239.819242 -83687.579601
272.451620 -83685.709708
302.759407 -83685.671366
332.128975 -83685.671366
361.439183 -83684.759390
401.470563 -83683.245711
434.681416 -83683.245711
465.343041 -83683.245711
515.338593 -83679.765177
558.815733 -83676.469910
596.952398 -83670.591699
628.638510 -83670.591699
658.878533 -83670.591699
708.780930 -83670.591699
769.780448 -83670.591699
