2.160908 -63023.516293
4.831421 -62723.017886
12.727404 -62642.523747
37.602060 -58046.864589
66.647518 -57931.932938
90.517866 -57900.936121
113.317385 -57889.050774
134.161604 -57886.249362
150.670383 -57886.064693
167.980882 -57886.064693
199.486185 -57885.142272
228.220163 -57885.108515
256.001202 -57885.108515
285.686101 -57885.108515
338.086074 -57879.988827
383.323193 -57879.435429
422.435747 -57878.201878
453.855316 -57877.848157
482.674353 -57877.724075
510.683047 -57877.724075
540.758840 -57877.525348
582.997807 -57877.117293
621.626794 -57874.727133
651.795280 -57874.313124
685.107705 -57872.651276
713.618091 -57872.072547
741.477035 -57872.072547
771.251972 -57872.072547
823.918108 -57863.632191
868.330632 -57862.741470
903.912223 -57862.741470
935.854041 -57862.741470
986.789704 -57862.741470
1056.450988 -57862.741470
