8.233832 -96951.319317
15.203060 -96717.225246
43.292226 -96717.225246
63.793683 -96651.482307
84.756769 -96615.205691
104.243643 -96608.704607
126.395432 -96608.704607
162.987292 -96600.191521
197.130730 -96598.598930
229.700770 -96597.821369
261.094068 -96597.821369
297.636693 -96585.862783
341.810896 -96583.810466
378.678425 -96583.234286
412.460582 -96582.983973
449.502478 -96575.558257
481.873012 -96575.341341
514.132691 -96575.293975
546.334632 -96575.264296
579.501508 -96574.957779
611.704752 -96574.957779
647.671132 -96574.957779
715.524718 -96574.957779
800.996693 -96574.957779
