1.861445 -33639.035709
3.335126 -33333.445845
7.531308 -33294.267567
16.590933 -33293.624967
31.324732 -33246.715445
58.381427 -31673.723931
85.179440 -31613.480430
109.270457 -31601.722576
132.518966 -31595.783700
149.877972 -31595.384774
166.552851 -31595.349288
182.951683 -31595.252961
201.055367 -31595.252961
234.834181 -31594.171945
261.506955 -31594.171945
291.230947 -31593.956049
325.592570 -31593.956049
359.780530 -31593.956049
416.198707 -31592.575701
455.801021 -31591.706480
485.486175 -31591.527804
512.176476 -31591.527803
540.938298 -31591.527803
601.493785 -31591.061278
637.923117 -31591.061278
673.887776 -31591.061278
728.569178 -31591.061278
813.649686 -31591.061278
