2.735496 -46443.506711
8.247001 -46130.772143
25.384101 -46082.297378
62.278476 -46082.297376
85.376602 -46018.054006
106.676095 -46003.388293
125.157732 -45998.089997
143.980384 -45992.687739
162.271298 -45990.165413
178.046674 -45989.918257
194.135297 -45989.777449
210.037250 -45989.638787
226.035458 -45989.602998
241.666740 -45989.590898
257.844541 -45989.590898
287.374229 -45987.370546
313.936923 -45987.370546
341.335061 -45987.370546
401.766029 -45982.133685
440.264860 -45982.090875
471.302001 -45982.090875
500.507160 -45982.090875
558.842042 -45982.090875
639.354138 -45982.090875
