4.807586 -39122.795125
9.945847 -38708.390070
26.444049 -38698.561679
65.180669 -38695.241444
126.467083 -38695.209519
161.915235 -38602.970715
187.314989 -38566.376555
211.867098 -38546.968269
233.921942 -38540.714382
255.418738 -38534.629694
275.848910 -38532.843872
297.578219 -38532.140890
319.032982 -38531.639815
340.005267 -38530.989253
361.082927 -38529.250046
382.140144 -38527.769075
403.198740 -38523.615989
422.447639 -38523.270900
441.941191 -38522.978321
460.958917 -38522.725431
481.270413 -38522.725431
514.013678 -38519.780590
542.181285 -38519.714155
569.978328 -38519.714155
600.781797 -38519.714155
660.759876 -38519.714155
737.567524 -38519.714155
