4.252699 -58075.439743
8.414460 -57780.426222
21.339480 -57721.972973
47.376226 -57699.532833
89.431352 -57699.532833
105.126257 -57611.329644
119.624529 -57599.912760
131.597423 -57590.295290
142.844323 -57590.107538
154.800906 -57585.060960
165.650651 -57585.031215
176.382133 -57584.944641
191.625405 -57378.842990
223.046625 -57377.858455
252.091423 -57377.584049
280.433000 -57377.180082
308.607806 -57376.990373
337.465816 -57375.978010
365.219035 -57375.907262
392.805676 -57375.206794
420.299529 -57375.206794
449.446586 -57375.206794
502.886946 -57375.206794
564.946976 -57375.206794
