6.758032 -56386.190684
12.581357 -56087.983030
29.476586 -56068.450771
64.655049 -56068.450771
89.958433 -56028.452621
111.893547 -56018.262828
130.797999 -56016.438608
148.818961 -56016.302208
170.981450 -56016.302208
204.556990 -56012.174217
234.708941 -56011.497459
264.126135 -56011.004198
293.102755 -56010.966237
322.077401 -56010.966237
352.379815 -56007.329167
394.886463 -56003.798779
428.991342 -56003.798779
461.687265 -56001.172023
502.039451 -56001.172023
538.333310 -56001.172023
594.931231 -56001.172023
686.551347 -56001.172023
