8.866176 -96870.282392
16.692268 -96638.755458
39.767485 -96634.902691
89.101321 -96631.252058
168.707744 -96631.252058
197.590736 -96576.817542
225.250009 -96554.541623
252.501910 -96547.020499
277.056211 -96542.216980
300.967696 -96538.783902
323.703197 -96537.330523
345.596020 -96537.053398
367.752249 -96533.315056
389.242653 -96533.024085
412.704919 -96533.024085
459.769008 -96527.557363
496.395456 -96526.794342
532.099573 -96526.611246
567.451796 -96526.611246
601.024114 -96526.611246
660.910344 -96526.611246
755.383793 -96526.611246
