3.436360 -50093.104002
9.672564 -49726.726660
30.294143 -49692.831517
74.380435 -49686.290408
142.076027 -49686.290356
167.844343 -49651.344306
193.768645 -49637.167251
217.470240 -49630.646865
240.702131 -49627.669319
263.099404 -49624.990437
284.703061 -49624.320771
305.504833 -49623.582392
326.100740 -49623.390594
345.868820 -49623.315835
366.583668 -49623.315835
400.799674 -49619.971188
431.221425 -49619.971188
465.174498 -49618.952010
510.715804 -49611.907850
545.873067 -49610.885239
578.134063 -49610.885239
612.282581 -49610.885239
687.688801 -49610.885239
808.310634 -49610.885239
