6.581203 -89346.938536
13.543963 -88987.532125
35.332728 -88894.714755
82.466847 -88894.714755
115.664615 -88812.318062
144.371820 -88788.047286
167.626009 -88782.625763
189.265431 -88780.335555
210.246261 -88780.158582
230.726616 -88779.987283
250.926841 -88779.954553
272.062962 -88779.954553
310.881801 -88773.272113
344.868595 -88771.670372
376.975713 -88771.498329
409.213546 -88770.975467
440.986577 -88770.975467
475.778609 -88770.975467
543.951601 -88761.918015
593.747950 -88758.171464
634.146309 -88757.398380
668.750473 -88757.337388
702.974916 -88756.849855
735.238021 -88756.817663
768.405219 -88756.530123
800.457318 -88756.530123
835.873593 -88756.530123
905.464973 -88756.530123
997.888585 -88756.530123
