6.935249 -113191.322691
12.918410 -112835.366362
32.689167 -112726.922523
74.273558 -112703.691380
144.014875 -112703.691380
175.195282 -112613.764549
200.992528 -112580.132939
223.772930 -112571.275664
244.133846 -112570.500401
263.982812 -112569.253775
283.833702 -112568.311261
303.027288 -112568.090111
324.120606 -112562.829573
345.220201 -112560.661402
364.892287 -112558.533912
384.117461 -112558.505621
407.351189 -112558.505621
441.666464 -112544.159688
472.750300 -112543.715995
503.071378 -112543.715995
533.914834 -112543.715995
591.498109 -112543.715995
675.641771 -112543.715995
