5.389133 -71236.095714
10.117871 -71003.552751
29.556537 -71003.552748
46.583743 -70945.717787
61.329093 -70928.727677
76.798438 -70917.393581
91.445228 -70912.152198
105.246870 -70908.991834
118.153698 -70906.049698
131.032639 -70901.717756
144.061089 -70900.623805
159.768936 -70900.623805
186.000299 -70899.371091
210.768513 -70899.011384
235.402228 -70897.972777
259.476798 -70897.479935
282.909946 -70897.394173
306.301941 -70897.394173
332.182891 -70888.774688
368.126661 -70883.500560
396.440470 -70883.500560
422.748925 -70883.500560
477.686225 -70883.500560
551.158756 -70883.500560
