1.798974 -78072.123082
4.157410 -77828.733556
11.953124 -77786.512435
35.636730 -70802.822671
60.367431 -70735.006923
84.825818 -70717.891211
108.629181 -70714.651657
132.721592 -70701.208890
153.350084 -70700.701859
176.730308 -70700.444139
197.225181 -70700.309249
218.839084 -70700.309249
255.636443 -70698.328334
289.702666 -70697.148012
321.491162 -70696.871388
352.897890 -70696.871388
385.830291 -70692.387637
430.061507 -70692.197999
466.365199 -70692.197999
500.136683 -70692.197999
564.283867 -70692.197999
654.825845 -70692.197999
