22.279518 -306404.988028
35.629943 -306107.898764
80.026407 -306101.911518
178.956648 -306095.476108
343.943591 -306095.476107
400.513986 -306012.443987
451.805041 -305988.128998
499.562377 -305981.802396
539.929979 -305980.607073
580.604706 -305979.391795
618.871718 -305978.700969
658.652709 -305978.274841
698.007738 -305974.235213
738.988037 -305974.044798
794.711403 -305974.044798
861.097634 -305959.162175
920.839662 -305957.004099
978.966554 -305957.004099
1043.223733 -305957.004099
1203.527366 -305957.004099
1465.943252 -305957.004099
