4.954080 -298661.920998
12.710599 -298235.819015
36.219188 -298232.626466
98.460445 -284297.022258
143.970764 -284197.593568
181.208781 -284191.154207
217.517840 -284186.877662
257.149523 -284178.411484
292.742093 -284176.195465
327.157256 -284167.528343
361.288007 -284165.921714
397.651795 -284162.943081
432.027470 -284154.271212
465.568250 -284154.207164
505.425682 -284154.207164
570.477675 -284134.213874
625.840094 -284133.329691
682.785887 -284127.939653
736.218174 -284127.855575
789.392430 -284127.831185
842.594081 -284127.683201
896.014331 -284127.683201
950.091689 -284127.683201
1056.189561 -284127.683201
1198.659412 -284127.683201
