1.076234 -43742.683392
2.298939 -43502.741254
6.143598 -43479.978643
13.931375 -43464.976922
25.695216 -43454.328787
43.989740 -40109.197325
71.341996 -39981.698430
95.812815 -39958.138735
119.126823 -39946.052395
141.267604 -39939.664027
162.937862 -39927.829679
184.719759 -39923.362493
202.773746 -39923.007501
221.551820 -39922.029876
241.326783 -39917.296900
259.749378 -39917.296900
294.008551 -39913.929522
322.809510 -39913.372396
350.473438 -39913.267584
377.806034 -39913.187462
404.707536 -39913.187462
435.710562 -39913.187462
495.581776 -39913.187462
572.186332 -39913.187462
