7.571669 -125960.540761
14.932911 -125736.378048
38.571994 -125716.432426
92.778874 -125716.432426
123.337666 -125641.137259
149.253520 -125621.139885
173.545128 -125593.577179
194.135282 -125590.705052
214.497795 -125589.320192
234.459703 -125589.102853
254.868930 -125586.501183
275.250428 -125586.297598
295.560933 -125583.912855
315.919891 -125583.713159
336.494467 -125582.038925
357.930040 -125580.476288
379.526898 -125573.003308
403.037797 -125570.535610
427.774820 -125570.535610
464.963712 -125563.635029
498.977393 -125563.014607
532.074246 -125562.766930
564.730517 -125562.766930
599.627565 -125562.766930
666.737251 -125562.766930
763.833527 -125562.766930
