10.234183 -187056.148201
19.322698 -186756.074357
46.827644 -186730.303935
106.774954 -186374.122488
143.476666 -186313.223302
175.096043 -186285.044398
203.769417 -186264.283807
231.482487 -186254.710111
257.314673 -186253.222445
282.667848 -186253.180170
308.022554 -186252.400199
333.473263 -186251.823921
359.967943 -186251.823921
404.644345 -186231.360372
445.124533 -186231.158983
483.585079 -186230.980802
521.703896 -186230.980802
562.119495 -186230.980802
644.670919 -186230.980802
777.192250 -186230.980802
