2.542349 -30279.607777
5.270443 -30184.818172
12.034393 -30162.564933
24.081140 -30162.564916
37.435202 -30131.938430
50.882682 -30127.410103
63.782343 -30126.533623
76.593366 -30126.474881
89.374268 -30126.348150
102.694268 -30126.348150
118.448075 -30125.578717
133.892377 -30125.539355
149.174988 -30125.507582
164.413000 -30125.507582
180.467314 -30125.507582
204.673332 -30119.980712
226.664870 -30118.442746
244.569007 -30118.442746
261.878554 -30118.442746
285.663208 -30118.442746
311.608584 -30118.442746
