4.808578 -53443.312238
9.380626 -53158.565372
26.803757 -52827.994255
47.387173 -52792.550793
66.195209 -52785.727330
84.996684 -52781.744506
100.479219 -52781.295473
115.967298 -52781.165133
131.413568 -52781.082902
146.540864 -52780.878972
161.722261 -52780.690393
179.906841 -52779.057619
197.466450 -52774.886450
213.628769 -52774.886450
248.090127 -52770.250208
276.652000 -52770.250208
306.528558 -52761.633690
347.437270 -52761.498455
380.133928 -52761.498455
409.519784 -52761.181826
451.000669 -52760.612002
486.523578 -52759.952351
516.387920 -52759.952351
545.121672 -52759.952351
597.258822 -52759.952351
672.119661 -52759.952351
