14.650382 -183421.294079
25.077729 -183070.281430
65.054171 -183070.281429
98.636989 -182975.809633
131.721693 -182925.616093
161.205101 -182923.093890
188.404590 -182922.695139
216.057677 -182913.749489
242.648734 -182908.776355
269.953300 -182905.618955
298.283369 -182903.774151
325.143326 -182903.579419
351.571296 -182903.506862
377.863121 -182903.326107
404.227076 -182903.115996
430.888367 -182901.711262
466.808965 -182901.711262
520.554097 -182882.539357
570.294816 -182877.859723
617.957307 -182876.480336
664.849728 -182876.398802
711.382346 -182875.912205
757.951666 -182875.885192
804.663692 -182874.903247
851.306941 -182874.903247
899.291050 -182872.746208
970.645138 -182868.512176
1031.018341 -182863.979997
1083.072033 -182856.591847
1133.762695 -182843.791938
1180.969954 -182843.640610
1227.856028 -182843.640610
1276.212795 -182843.640610
1370.932167 -182843.640610
1518.380056 -182843.640610
