2.787848 -91642.379886
5.789031 -91403.152522
16.455129 -91313.210437
39.565239 -91308.974464
85.011568 -80494.708280
120.332527 -80379.597618
152.284342 -80326.506146
181.671476 -80307.322636
210.170221 -80294.536546
234.820699 -80287.219491
262.775762 -80277.838330
289.865756 -80272.094084
314.526979 -80271.388026
341.271668 -80271.388026
381.445109 -80267.957619
417.103374 -80267.957619
453.451237 -80267.957619
529.834311 -80267.957619
613.381023 -80249.188211
665.113261 -80248.608132
707.449088 -80247.776935
744.228338 -80247.630541
778.888773 -80247.630541
814.646935 -80247.630541
891.281210 -80247.630541
971.566332 -80247.630541
