2.733239 -123633.152033
5.685426 -123385.021524
15.337806 -123332.010222
42.630745 -112098.770438
72.069114 -111970.418162
95.881655 -111930.099834
120.366793 -111913.151155
140.912461 -111909.221315
161.094607 -111906.622120
180.571243 -111904.335371
201.897437 -111900.668101
221.476183 -111900.485678
241.131972 -111900.370179
260.800755 -111900.244275
280.274768 -111898.330693
301.073338 -111896.390248
321.047526 -111891.705536
340.547044 -111891.646012
361.228453 -111891.646012
398.902907 -111883.839347
432.800194 -111883.839347
467.170362 -111883.839347
537.185518 -111883.839347
631.804649 -111883.839347
