2.755653 -87917.433419
7.009993 -87681.680736
19.062659 -87677.529610
54.832820 -81574.552091
87.670492 -81504.534005
114.395706 -81491.584906
137.980436 -81482.385089
164.360459 -81472.448259
188.461831 -81461.612690
209.394091 -81461.011678
232.048767 -81459.352946
254.612440 -81457.218514
276.492084 -81457.218514
317.284995 -81451.290022
354.626839 -81450.544853
390.716669 -81446.990551
425.890756 -81446.141157
460.906926 -81443.675495
498.528960 -81442.279238
532.916331 -81442.073046
568.777586 -81438.815440
603.871801 -81437.920839
638.399077 -81437.920839
673.820774 -81437.920839
740.599970 -81437.920839
833.411408 -81437.920839
