5.709448 -101005.522072
10.915689 -100719.963029
28.966913 -100713.990840
73.027470 -100713.990840
97.051730 -100651.408585
118.049078 -100614.685233
139.113882 -100603.177521
157.515036 -100599.301413
175.151979 -100598.085008
192.604509 -100597.414136
210.017779 -100597.110200
226.986227 -100596.786491
248.416141 -100596.786491
277.978848 -100586.267390
303.540824 -100584.923415
328.445487 -100584.176150
353.115138 -100583.859479
377.678499 -100583.837654
402.109104 -100583.837654
429.442100 -100583.837654
490.118145 -100578.866462
524.018067 -100574.140357
553.194259 -100571.123562
579.402847 -100570.476914
604.747359 -100569.207582
629.772666 -100567.692376
655.552186 -100565.425127
680.269252 -100563.255510
704.921888 -100563.255510
732.469517 -100563.255510
792.886912 -100563.255510
865.658428 -100563.255510
