7.604315 -81890.334219
14.295536 -81562.381513
34.891211 -81558.305692
80.619248 -81558.305692
107.723315 -81477.293474
131.255870 -81439.390582
151.701275 -81427.155271
171.741232 -81419.398379
190.654105 -81413.974190
208.622497 -81413.442598
226.595813 -81413.300515
244.402816 -81413.289474
267.712639 -81413.289474
300.883678 -81405.738546
330.779808 -81405.467683
359.897523 -81405.164816
388.565040 -81404.896392
417.562517 -81399.471067
446.238679 -81399.471067
477.145611 -81399.471067
540.152372 -81399.471067
622.166752 -81399.471067
