3.430762 -94884.876061
6.667555 -94705.693900
16.081319 -94687.379126
46.642507 -87184.391561
72.441710 -87055.586115
98.097782 -87023.365315
119.970467 -87004.294569
140.152948 -87000.618910
160.232994 -87000.137069
179.974472 -86999.682851
199.697457 -86999.407132
219.416027 -86999.344082
238.912712 -86998.695652
258.010904 -86998.650286
278.889212 -86998.650286
315.664005 -86991.429661
348.203122 -86991.370068
379.695163 -86991.370068
411.241128 -86991.370068
473.514679 -86991.370068
569.757758 -86991.370068
