1.973062 -80268.707333
4.263258 -79904.953347
18.301162 -73110.623828
39.419131 -73043.056396
58.976596 -73013.582352
75.478541 -73005.627152
91.823454 -73003.034435
109.845885 -73000.299766
124.705185 -73000.038156
141.104776 -72998.093762
155.708351 -72997.903054
170.248916 -72997.722348
185.072694 -72996.789954
200.378951 -72996.789954
234.480454 -72988.854881
264.055491 -72986.989132
292.598535 -72986.989132
327.379479 -72980.655051
369.266586 -72980.515833
402.959810 -72980.394376
432.733286 -72980.394376
466.498372 -72980.394376
535.060238 -72980.394376
630.491437 -72980.394376
