1.643632 -103071.719288
3.889231 -102730.050731
10.840896 -102689.017705
30.490982 -97228.204215
55.001560 -97144.005778
77.390355 -97102.888456
100.786408 -97092.101325
119.954619 -97086.640575
139.397193 -97082.115498
158.210699 -97079.273804
177.231052 -97075.305840
196.125106 -97075.251726
217.944408 -97069.888563
236.150620 -97069.888563
270.574632 -97069.587588
300.711374 -97069.517092
329.741083 -97069.407096
358.490712 -97069.407096
388.495994 -97069.407096
454.953945 -97069.407096
561.068565 -97069.407096
