6.361476 -80977.573344
11.988437 -80724.708149
31.010432 -80682.824548
75.054585 -80682.824548
95.926434 -80615.371337
115.484553 -80589.678102
133.481858 -80583.244190
152.265681 -80574.613462
170.986490 -80568.667801
187.258215 -80567.689877
204.021125 -80566.758439
220.447736 -80566.180684
240.348156 -80566.180684
270.884163 -80561.136240
298.140124 -80560.119867
324.669131 -80559.969600
350.789136 -80559.513067
376.739574 -80558.262433
403.641711 -80556.627428
431.626958 -80555.066444
457.696535 -80554.827261
483.449310 -80554.827261
511.264726 -80554.827261
569.790667 -80554.827261
650.711995 -80554.827261
