2.798218 -147102.925604
6.608087 -146708.717153
17.816065 -146615.971607
40.008164 -146608.571474
86.131520 -137758.581264
125.430785 -137598.518833
161.043647 -137562.633958
191.942436 -137554.806084
219.758897 -137553.759122
246.803227 -137552.720075
275.132031 -137550.021771
301.823895 -137542.522530
329.016326 -137540.404005
356.522385 -137540.404005
404.288259 -137518.249677
445.656448 -137518.170894
486.318172 -137518.090220
526.935733 -137518.075411
567.334464 -137516.860894
607.605250 -137516.860894
648.183885 -137516.860894
709.290036 -137516.860894
837.059947 -137516.860894
