2.863625 -103412.359828
6.497218 -103074.783711
16.912292 -103059.104306
46.055765 -97489.601280
75.483379 -97416.738710
105.041131 -97386.808684
133.345550 -97375.342294
157.600128 -97373.655399
182.757784 -97371.843404
206.408393 -97370.875681
229.648311 -97370.437611
252.620172 -97370.345135
277.353842 -97370.345135
318.315957 -97362.998166
355.091631 -97362.589679
392.182334 -97362.117766
428.640689 -97361.970402
464.823956 -97361.854178
501.186913 -97361.854178
537.582317 -97361.854178
624.471892 -97361.854178
746.966145 -97361.854178
