1.813325 -60308.616171
3.865317 -60119.248999
22.383890 -55239.867541
41.675132 -55168.170631
58.863584 -55140.934706
75.541044 -55120.979893
93.256276 -55113.430215
107.495379 -55112.420804
121.372704 -55112.229860
135.584051 -55110.414769
151.649556 -55107.273513
167.492664 -55104.106098
181.931996 -55104.106098
211.181763 -55098.700166
237.738436 -55098.662980
263.933912 -55098.662980
290.713170 -55094.558141
329.287018 -55092.963879
360.668674 -55092.667981
388.735745 -55092.667981
415.246994 -55092.667981
467.614539 -55092.667981
547.419442 -55092.667981
