2.717882 -128197.233186
5.649266 -127784.612495
15.551543 -127766.217488
37.094916 -127761.426429
76.497869 -119508.970509
107.136433 -119433.541391
136.580417 -119419.414478
164.194161 -119416.125708
189.568470 -119412.704040
214.064726 -119412.076445
238.495957 -119411.822223
262.261480 -119411.580174
286.007928 -119411.527894
310.289915 -119411.527894
352.694706 -119405.684647
389.072733 -119405.612208
423.910197 -119405.602136
458.041271 -119405.602136
495.721603 -119405.602136
580.589817 -119405.602136
688.155292 -119405.602136
