4.582865 -42716.352096
9.118659 -42413.017512
22.156311 -42375.224445
47.219779 -42357.861878
87.726202 -42357.861872
109.879196 -42303.229367
130.515953 -42266.142731
148.194971 -42242.606675
165.236946 -42234.753031
179.644232 -42232.815568
193.816602 -42232.066309
208.150582 -42231.634498
224.204638 -42231.634498
249.562872 -42228.849060
271.718449 -42228.768233
293.129878 -42228.752889
315.200968 -42227.877626
335.760778 -42227.877626
358.463214 -42227.877626
398.622374 -42227.877626
446.368945 -42227.674979
480.215759 -42227.674979
509.840129 -42227.674979
546.754074 -42227.674979
595.211042 -42227.674979
