1.249000 -34807.904448
2.423233 -34584.938236
6.483879 -34512.126246
15.196751 -34508.111529
28.233211 -34504.403245
48.932381 -31352.246508
73.267744 -31265.403020
95.180785 -31243.702508
115.095163 -31232.575875
131.975959 -31231.408278
148.726518 -31230.965324
164.913951 -31230.708753
181.042756 -31230.317030
198.075456 -31230.203837
213.780027 -31230.154719
229.675202 -31230.154719
261.026931 -31227.029411
287.398323 -31226.716346
313.034447 -31226.695512
338.189556 -31226.695512
366.546056 -31224.208228
402.510884 -31223.733626
432.394183 -31223.733626
462.619664 -31223.733626
519.671732 -31223.733626
594.727989 -31223.733626
