2.326278 -123027.056429
5.871688 -122773.023026
16.638180 -122748.587436
45.166534 -113323.745934
72.646997 -113250.483577
98.451098 -113236.869143
119.023184 -113235.024879
138.687475 -113229.865374
157.991161 -113227.015193
177.225164 -113227.003124
196.836030 -113224.980396
216.596898 -113222.203061
239.838030 -113141.075394
279.538190 -113126.553793
315.253643 -113119.384393
354.644834 -113117.974124
388.326434 -113117.228293
421.900897 -113116.792839
455.312732 -113115.312046
490.241651 -113107.146606
523.157736 -113106.750771
556.824210 -113103.595454
589.696580 -113103.228962
625.147447 -113100.911421
660.311104 -113098.873303
693.189577 -113098.873303
725.533536 -113098.873303
782.189052 -113098.873303
866.194408 -113098.873303
