6.434876 -74677.552550
11.274394 -74409.208292
27.508691 -74382.457611
65.469564 -74382.457611
84.707532 -74316.292072
102.431107 -74287.641616
118.728979 -74272.273138
133.668848 -74269.279959
148.363802 -74267.173534
162.215997 -74265.656739
176.116227 -74263.374969
189.823212 -74262.989133
206.197402 -74262.989133
232.726063 -74248.801199
256.554420 -74248.415048
279.582158 -74248.058956
302.286627 -74247.809836
324.672788 -74247.580316
346.927752 -74247.580316
370.650386 -74247.580316
421.115835 -74247.580316
493.381055 -74247.580316
