1.965883 -64932.996824
3.942819 -64703.692146
10.064992 -64675.971056
30.594898 -60571.794676
52.887374 -60537.351467
71.419183 -60509.418538
88.387389 -60508.291629
104.750348 -60507.912304
121.612729 -60502.586461
137.836049 -60502.287986
153.831716 -60500.890414
169.716616 -60500.732474
185.605593 -60500.610872
201.450460 -60500.480035
217.392322 -60499.361721
233.229763 -60499.304717
249.026197 -60499.163571
264.643403 -60499.095720
285.419785 -60409.542081
316.070935 -60407.180145
344.357991 -60405.488747
374.899533 -60396.233629
402.058890 -60396.020940
429.007478 -60395.996673
456.089679 -60393.218706
482.778868 -60392.940628
509.555960 -60392.940628
536.126950 -60392.940628
584.036527 -60388.687378
626.621704 -60387.982433
660.860757 -60387.873660
690.788693 -60387.873660
717.918257 -60387.873660
765.258634 -60387.873660
823.197569 -60387.873660
