2.116108 -62329.287047
4.326583 -62020.338873
10.371445 -61917.724186
28.792724 -56483.552369
58.853923 -56371.393164
86.380784 -56342.724385
112.120778 -56327.151628
134.428851 -56324.754753
156.102499 -56324.103332
179.352571 -56323.179228
202.254089 -56322.644995
222.819634 -56319.333286
242.247984 -56319.254611
263.326145 -56317.848224
282.731378 -56317.812657
301.662935 -56317.055675
322.242828 -56317.055675
360.687187 -56310.567958
392.787432 -56310.567958
425.810619 -56310.567958
480.045570 -56308.316378
527.792576 -56305.275255
564.549645 -56304.302233
599.205370 -56302.522275
630.319378 -56302.522275
662.160421 -56302.522275
715.697760 -56302.522275
793.349485 -56302.522275
