2.815385 -90542.093778
6.430719 -90253.872922
27.632361 -83401.376113
53.116229 -83333.700936
76.260129 -83318.871899
96.254854 -83316.546734
115.927515 -83315.412360
136.543563 -83314.639752
156.374214 -83314.639752
195.924871 -83310.172734
231.155684 -83310.140438
265.851457 -83310.117770
300.287565 -83310.117770
341.444972 -83310.117770
432.418215 -83309.660332
486.022749 -83308.422568
529.296538 -83307.061482
566.450552 -83307.061482
610.097825 -83306.032195
657.764620 -83305.728996
699.206290 -83304.836321
735.463703 -83304.558472
770.148716 -83304.558472
811.886053 -83304.558472
903.833822 -83304.558472
1002.520117 -83304.558472
