2.304525 -103671.090225
5.604217 -103458.026133
14.746034 -103427.533653
41.229412 -96824.544263
63.794905 -96753.761346
85.876741 -96730.369815
103.995471 -96727.709103
121.584714 -96726.900409
140.497119 -96721.964198
157.833037 -96720.994779
174.684810 -96719.956035
191.878302 -96719.842784
209.889455 -96719.842784
243.949572 -96711.717607
274.913537 -96710.441099
304.983332 -96709.459572
335.020936 -96709.184257
364.962078 -96709.184257
393.215036 -96709.184257
449.322745 -96709.184257
540.321754 -96709.184257
