4.983059 -192766.910120
11.608418 -192541.851003
33.621551 -192524.858714
101.646595 -181766.050808
136.875490 -181706.082432
168.218550 -181679.291103
195.940581 -181678.194102
224.356232 -181670.080705
250.918897 -181669.045527
283.521632 -181664.548720
310.041859 -181663.819040
336.484203 -181663.742048
364.224073 -181661.977729
390.809241 -181661.905845
424.039285 -181615.695252
476.320736 -181605.415434
523.001953 -181605.236009
568.211912 -181605.236009
614.737149 -181605.236009
718.560062 -181605.236009
856.120271 -181605.236009
