2.509550 -106917.968410
5.351690 -106653.900786
22.964272 -97088.604223
47.908468 -96989.308488
71.632864 -96957.413797
92.379806 -96939.031279
112.175199 -96937.855409
131.994458 -96936.986276
150.912773 -96935.565590
170.487711 -96935.565590
209.773670 -96930.404327
245.128550 -96930.160444
279.465414 -96930.160444
317.791971 -96911.135385
366.726530 -96903.069141
406.256043 -96903.069141
448.275377 -96898.399435
495.420718 -96894.075006
534.249891 -96893.513916
570.186422 -96893.486770
604.906773 -96893.486770
645.327013 -96889.800110
694.771632 -96879.614920
734.015144 -96879.557633
770.090942 -96879.417825
805.244412 -96879.417825
843.107856 -96879.107199
889.467048 -96879.107199
934.209997 -96879.107199
997.174534 -96877.086750
1048.772011 -96875.102434
1090.061884 -96874.452251
1127.335296 -96873.783406
1162.616229 -96873.783406
1200.366632 -96873.783406
1265.737168 -96873.783406
1355.503101 -96873.783406
