3.551142 -37651.227994
8.775587 -37398.924137
24.295128 -37324.638742
53.320143 -37287.555311
94.263622 -37248.993530
151.845078 -37248.242392
152.702016 -37248.242391
175.444128 -37142.230380
196.236336 -37125.850726
216.833123 -37113.107858
237.281887 -37107.599925
256.023363 -37103.227927
274.403116 -37099.740959
292.728598 -37096.211135
308.932988 -37095.919118
326.005694 -37094.774860
343.016666 -37094.648409
359.476086 -37094.553868
376.048886 -37093.098905
392.661314 -37092.579866
410.242483 -37090.911003
426.851231 -37090.484857
444.503040 -37090.484857
473.681721 -37088.653240
500.929728 -37087.027584
525.659408 -37087.027584
552.443399 -37086.864319
589.441855 -37086.864319
621.158295 -37086.864319
668.568106 -37086.864319
728.808335 -37086.864319
