9.903402 -116286.209450
17.373142 -115973.997379
43.021494 -115929.732878
106.880373 -114431.078778
133.366043 -114378.156165
163.413529 -114353.501189
188.607743 -114345.152142
212.010691 -114340.997663
235.891126 -114339.760829
259.589272 -114339.341095
282.663698 -114339.170696
305.539433 -114338.517148
328.473964 -114338.285348
353.513114 -114291.801532
392.760786 -114284.501716
427.801848 -114284.175765
461.265099 -114284.175765
495.979154 -114284.175765
565.790639 -114284.175765
657.202376 -114284.175765
