5.583392 -39203.831104
10.167988 -38930.774093
25.732250 -38822.025249
60.544944 -38817.240093
117.506940 -38817.240093
138.661353 -38743.000945
157.633462 -38720.951637
176.580837 -38710.365404
194.548827 -38696.985917
211.414154 -38692.112239
228.409054 -38686.448201
242.831012 -38684.793791
257.140666 -38684.496531
271.748545 -38683.506939
286.567659 -38682.557016
300.581351 -38682.521549
314.660737 -38682.168307
329.052006 -38681.658168
343.341902 -38681.509757
360.398109 -38681.509757
387.985558 -38677.772854
410.928461 -38677.673495
433.163784 -38677.673495
457.424831 -38677.673495
509.143451 -38677.673495
584.460598 -38676.434744
620.401471 -38675.941029
648.556719 -38675.941029
675.020667 -38675.941029
725.005856 -38675.941029
800.575080 -38675.941029
