7.194270 -85363.540500
14.545116 -85117.604714
35.761107 -85023.691665
77.816101 -84993.418747
141.799997 -84993.418747
174.464600 -84898.762517
205.830631 -84857.061375
233.966894 -84848.258581
259.571795 -84841.963596
282.488130 -84840.379300
305.788174 -84839.137622
328.351835 -84837.120291
351.591272 -84827.237287
373.736084 -84826.705798
396.326642 -84826.495459
418.759123 -84826.421359
441.512984 -84826.367816
463.825567 -84826.222118
486.142293 -84826.207109
510.026190 -84826.207109
549.785194 -84814.036743
586.899600 -84812.073536
621.982834 -84812.073536
656.738842 -84812.073536
715.362383 -84812.073536
785.269524 -84812.073536
