5.075851 -95893.856826
9.534776 -95550.814637
26.168732 -95480.245666
68.008167 -95480.245657
94.821461 -95360.256077
117.644710 -95323.998500
138.575828 -95316.363476
156.898154 -95315.263304
173.343735 -95314.773082
189.741494 -95314.425398
205.929654 -95314.298520
223.175205 -95313.366245
242.445679 -95311.154623
261.048550 -95301.584052
277.827510 -95300.299359
293.375155 -95300.251578
311.460661 -95300.251578
338.369528 -95294.398396
361.580587 -95293.919259
384.060469 -95293.492045
406.341747 -95293.492045
435.101547 -95293.492045
502.169157 -95293.492045
581.355356 -95293.492045
