1.427896 -42932.272204
2.566703 -42660.087323
6.132349 -42580.113734
13.873479 -42547.503611
27.051843 -42542.214652
47.952706 -39557.190700
74.597001 -39490.349216
101.821820 -39464.820336
126.380447 -39460.631455
148.700798 -39454.030708
168.540434 -39452.292479
186.981937 -39452.075442
204.977901 -39451.819371
223.668372 -39451.819371
253.899127 -39449.780488
280.505639 -39448.693362
306.178890 -39445.608612
331.478519 -39445.481842
356.658914 -39445.464502
381.776184 -39445.464502
411.120637 -39445.464502
483.272534 -39445.464502
585.306233 -39445.464502
