2.326005 -131840.123870
5.413286 -131454.262686
15.546380 -131443.370358
35.672750 -131435.694439
64.352422 -131402.864191
106.919563 -124893.516031
138.863379 -124825.181966
166.034912 -124787.219058
189.172132 -124778.730355
212.460791 -124767.236205
235.011434 -124759.888143
257.266072 -124757.624727
280.159632 -124754.870206
300.900063 -124754.111819
321.237449 -124753.674342
342.219965 -124753.044000
362.691303 -124753.007789
383.080861 -124752.902410
406.468956 -124624.561428
443.447672 -124606.374643
476.044659 -124606.293699
508.256583 -124606.293699
544.494729 -124606.293699
628.697310 -124606.293699
739.373620 -124606.293699
