2.429259 -69739.638682
6.074175 -69612.213244
17.677428 -69595.189998
53.046644 -65617.279029
79.213878 -65533.708192
107.660788 -65506.438444
130.539433 -65489.644502
157.187743 -65481.772454
180.011099 -65477.960078
201.223100 -65477.236776
221.863477 -65476.481907
243.047950 -65474.992676
263.547373 -65474.610638
284.810555 -65472.777828
309.240594 -65472.777828
346.084374 -65467.494190
379.443717 -65467.145102
412.911170 -65463.346089
444.844865 -65463.346089
479.437639 -65463.346089
552.427144 -65463.346089
646.500448 -65463.346089
