1.476283 -40114.442841
2.903694 -39919.558124
6.794924 -39890.848207
17.897753 -38433.644242
38.138869 -38384.045295
56.601991 -38377.361352
73.420319 -38369.276744
91.482642 -38358.481391
107.055388 -38354.136946
125.982233 -38351.482080
138.785064 -38348.691961
151.307993 -38346.024193
166.038861 -38343.916097
181.020097 -38343.251018
193.708501 -38343.153323
208.871552 -38325.895432
241.683457 -38317.320605
265.527641 -38317.007049
288.148025 -38316.732094
310.250817 -38315.827102
332.282609 -38315.614161
354.240761 -38315.494983
376.202849 -38315.458547
398.160906 -38315.458547
424.439624 -38315.458547
475.311850 -38315.458547
551.858353 -38315.458547
