2.497923 -117907.787737
7.087902 -117648.046561
19.446371 -117605.604104
43.307195 -117603.252846
93.420550 -108370.214434
128.388020 -108210.761802
159.973088 -108172.111391
184.887006 -108151.739100
209.525533 -108142.710848
234.852874 -108132.792220
257.231825 -108132.707143
284.311898 -108030.359162
331.904128 -108015.016339
371.759653 -108014.637704
409.523522 -108014.477834
447.432124 -108013.347200
484.300681 -108013.141582
521.993889 -108009.119503
558.611988 -108009.086435
595.185992 -108009.086435
631.107769 -108009.086435
698.871472 -108009.086435
789.761562 -108009.086435
