12.902258 -126390.036196
20.494811 -126140.422845
43.377315 -126124.765690
90.801476 -126123.960968
173.437294 -126123.960968
206.785316 -126071.135697
232.831969 -126066.813135
256.892590 -126066.342075
280.568056 -126063.146401
302.105834 -126061.265890
323.520738 -126060.566700
344.650537 -126060.388479
365.583888 -126060.364127
386.365406 -126059.455351
415.383656 -126059.455351
453.514028 -126057.804240
489.519069 -126057.804240
524.298899 -126057.804240
585.535010 -126057.804240
675.228215 -126057.804240
