1.545715 -57319.201268
3.156350 -57117.367088
8.644947 -57071.878343
25.251762 -52513.664296
46.529231 -52436.502751
66.987936 -52400.202757
84.921205 -52385.445182
102.202327 -52379.679980
118.522995 -52378.523380
134.608675 -52378.006802
150.637562 -52377.748698
166.648362 -52377.716094
182.898646 -52377.423796
199.007389 -52377.399015
215.060749 -52377.377549
231.142761 -52377.365715
247.427771 -52377.365715
277.867260 -52376.006681
305.193147 -52375.782529
331.467033 -52375.782529
358.281479 -52375.758895
398.993960 -52373.336574
432.475371 -52372.863422
460.203709 -52372.863422
487.678685 -52372.863422
543.843065 -52372.863422
624.770124 -52372.863422
