1.861042 -84410.300816
4.317978 -84091.271789
11.349426 -84063.395094
23.934493 -84050.641476
50.191912 -77256.062906
82.005919 -77175.357814
108.037426 -77137.003489
132.129482 -77112.802871
155.140868 -77095.956421
177.959672 -77087.441884
198.789639 -77084.696238
218.727148 -77079.013006
238.331846 -77076.376046
258.501803 -77071.839746
277.888777 -77069.855343
298.117571 -77069.855343
337.477584 -77061.587826
371.291867 -77061.587826
403.011667 -77059.771263
447.171410 -77054.405080
485.030922 -77052.145432
518.928717 -77052.145432
550.740718 -77052.145432
601.277570 -77052.145432
656.970552 -77052.145432
