1.711072 -83169.081899
3.560431 -82944.509529
9.288645 -82886.495992
25.346384 -78730.987864
48.438898 -78668.066400
70.656308 -78639.812682
91.564661 -78638.826764
111.835798 -78638.293217
132.056658 -78638.149513
151.624400 -78638.010291
172.320951 -78638.010291
204.105902 -78634.702623
233.481936 -78633.949630
262.333385 -78632.948847
290.950499 -78632.890535
321.267345 -78632.376743
349.509449 -78632.027210
377.807988 -78631.926052
406.198108 -78631.926052
435.635970 -78631.926052
496.364481 -78631.926052
573.683441 -78631.926052
