5.173637 -43276.768677
11.139281 -42990.748042
32.775102 -42944.306358
80.712619 -42937.060771
152.687239 -42937.060771
177.044986 -42888.686400
200.347246 -42863.729729
219.454981 -42857.458429
237.220911 -42856.213733
255.928566 -42850.045624
273.695745 -42846.193453
290.177354 -42842.602755
306.874346 -42842.440236
323.518810 -42841.663382
339.731383 -42841.542291
356.147919 -42841.451719
372.193047 -42841.436956
389.628291 -42841.436956
419.144581 -42838.639131
446.389264 -42838.440802
472.418109 -42838.440802
502.189882 -42838.216772
540.778833 -42837.991489
572.685560 -42837.991489
603.987709 -42837.991489
660.833675 -42837.991489
734.553245 -42837.991489
