2.026443 -42135.152878
3.990659 -41891.924443
9.504688 -41862.003064
31.063296 -39045.053854
57.179498 -38980.406425
80.870158 -38956.550815
103.648632 -38927.087008
125.610431 -38920.814865
145.919553 -38919.327677
164.477106 -38919.327677
198.065145 -38916.101906
230.946456 -38906.287742
261.534636 -38900.378504
294.214437 -38897.986970
319.995735 -38897.986970
349.870693 -38897.173486
385.278609 -38894.957901
415.763602 -38894.942158
443.414006 -38894.942158
473.171922 -38894.942158
525.708821 -38894.942158
591.935100 -38894.942158
