2.940333 -40176.319888
5.962263 -39973.672559
15.411470 -39886.125669
35.671969 -39886.125669
47.982289 -39824.109751
58.962365 -39814.654465
67.523500 -39814.130236
76.280081 -39812.259855
86.078427 -39807.992662
94.818829 -39807.632606
103.558997 -39807.573064
112.358615 -39807.537593
121.410608 -39807.513497
131.941381 -39807.513497
148.120388 -39805.761056
162.962417 -39805.719370
177.312497 -39805.719370
192.482149 -39804.879080
212.716688 -39804.787166
229.601120 -39804.787166
245.536548 -39804.787166
271.653030 -39801.685693
293.834014 -39799.300356
311.741934 -39799.300356
327.984355 -39799.300356
353.806373 -39799.300356
382.265928 -39799.300356
