1.882812 -85812.059243
4.195574 -85501.126340
10.878268 -85464.582438
24.757947 -85447.843035
54.549484 -80102.323254
82.422528 -79958.903130
108.992560 -79922.228837
132.329302 -79911.124215
153.975833 -79909.446935
173.866109 -79908.142500
193.354665 -79907.528444
213.116759 -79907.373312
232.861093 -79907.373312
269.368727 -79899.613225
302.161210 -79898.389453
335.310474 -79895.563930
366.918170 -79893.640183
398.335892 -79893.229659
429.679250 -79893.060465
461.019899 -79892.944868
492.306835 -79892.914949
523.656197 -79892.914949
555.789452 -79892.914949
613.038788 -79892.914949
719.176284 -79892.914949
