1.871507 -113398.110646
4.368496 -113021.026021
12.324171 -112950.088871
33.349301 -106674.259097
67.906167 -106533.391703
96.433022 -106508.574794
124.196963 -106489.955713
149.765339 -106479.746039
175.513244 -106475.450998
199.413609 -106475.006821
225.751615 -106179.500790
263.153622 -106171.023099
297.455636 -106170.580942
330.864846 -106170.117631
366.717469 -106169.486162
399.933468 -106169.024218
433.278529 -106168.977887
466.651812 -106168.977887
502.555171 -106168.977887
573.395713 -106168.977887
664.648792 -106168.977887
