1.952963 -99801.512920
4.161664 -99629.678263
10.894872 -99587.722598
30.799032 -93377.769222
55.531712 -93277.922538
78.095995 -93259.039996
98.770742 -93240.011825
118.780466 -93233.708734
138.540650 -93231.100674
156.998038 -93230.958584
175.386560 -93230.933851
193.820248 -93230.737208
212.749302 -93230.737208
247.841268 -93224.479167
279.605220 -93224.281643
310.669777 -93224.101093
341.689051 -93224.084037
372.534336 -93224.067375
403.589500 -93224.067375
434.693419 -93224.067375
490.483847 -93224.067375
598.517551 -93224.067375
