1.582646 -62339.977925
3.012985 -61825.302008
7.439767 -61761.230415
16.393604 -61731.619677
30.646479 -61729.996148
48.326560 -61699.726274
53.066473 -57047.810832
88.273971 -56896.886087
114.588339 -56864.065827
140.271384 -56853.259979
164.474598 -56845.821334
186.111930 -56844.869525
207.061239 -56843.303942
227.639748 -56842.625826
247.760041 -56842.088314
266.899773 -56841.760996
287.434357 -56838.014281
308.047933 -56838.014281
341.929645 -56827.321895
370.791708 -56826.799533
400.516050 -56824.882833
427.875957 -56824.261839
454.974206 -56824.261839
485.691677 -56823.730253
529.697686 -56822.342318
563.181763 -56822.342318
597.018724 -56822.143694
636.716500 -56822.143694
674.525225 -56820.459398
714.912315 -56819.164551
747.601112 -56819.164551
780.792338 -56819.164551
842.674792 -56819.164551
918.640577 -56819.164551
