9.768639 -125439.572917
17.203254 -125224.931803
38.247529 -125215.203358
85.749306 -125215.203358
114.999953 -125157.859486
143.376546 -125117.719494
169.255116 -125102.187982
193.677722 -125092.027348
215.386764 -125091.670980
239.003165 -125089.618496
260.598284 -125088.351802
287.510254 -125088.351802
329.001327 -125082.597015
366.341331 -125082.350438
402.833522 -125081.875677
438.902712 -125081.875677
474.572664 -125078.593498
524.893250 -125077.761910
566.291864 -125077.761910
603.367636 -125077.761910
668.829641 -125077.761910
777.364703 -125077.761910
