1.544267 -73336.482690
3.582345 -73036.156091
9.382055 -72980.798647
25.314577 -67594.893233
56.220433 -67512.479097
83.316643 -67467.449963
108.317989 -67459.179409
133.151739 -67454.013095
154.042256 -67453.640854
176.576136 -67452.602793
196.961089 -67452.569009
217.285973 -67452.550282
237.600959 -67452.538879
261.611247 -67440.812125
285.252656 -67437.111860
306.463084 -67437.111860
342.729221 -67426.529657
372.913722 -67426.529657
405.991903 -67423.949056
449.345132 -67423.628422
482.756416 -67423.628422
517.593502 -67422.067660
557.319108 -67421.744826
590.571508 -67421.744826
625.809714 -67421.309442
665.034266 -67421.289137
698.284030 -67421.289137
733.966314 -67419.957226
773.920144 -67419.084093
807.152309 -67419.084093
841.631573 -67419.084093
894.348639 -67419.084093
957.211915 -67419.084093
