4.684053 -213372.241971
11.924301 -213096.943090
35.902036 -213086.877082
108.995469 -196872.420975
158.167963 -196721.287665
195.144896 -196684.865352
229.340000 -196681.516275
263.029816 -196679.831119
299.039543 -196673.971218
328.409496 -196673.047144
357.996198 -196671.063129
387.438504 -196670.811537
417.519823 -196669.618095
446.454251 -196669.396030
484.651748 -194603.614670
544.240620 -194574.774549
595.432527 -194574.086261
645.153019 -194565.184367
694.047733 -194565.184367
741.964563 -194565.184367
854.062255 -194565.184367
998.530111 -194565.184367
