5.562989 -62110.051912
10.620066 -61764.994920
26.446911 -61658.503738
56.919851 -61645.624496
104.171192 -61645.624396
132.651549 -61557.578109
158.035587 -61514.665936
183.600312 -61497.007413
206.400098 -61494.624443
228.455339 -61492.700599
248.329052 -61492.600076
268.336588 -61492.260377
289.588069 -61486.038307
310.376365 -61485.685916
333.632088 -61485.685916
366.031003 -61479.227660
393.711752 -61479.053434
420.881952 -61478.943527
447.736407 -61478.943527
475.307557 -61477.018972
513.342174 -61475.993548
544.444868 -61475.993548
573.663976 -61475.042380
609.805079 -61474.606172
640.637336 -61474.606172
669.662873 -61474.606172
719.671963 -61474.606172
782.381512 -61474.606172
