1.315895 -37258.941115
2.717371 -36996.026219
6.475853 -36938.599922
13.693600 -36911.854668
29.840171 -33849.357251
51.296499 -33753.238796
71.390145 -33727.310195
86.474589 -33720.877270
104.519545 -33719.394875
119.833640 -33714.328993
134.277864 -33713.949073
148.347810 -33713.721417
162.108653 -33713.562765
175.739718 -33713.299413
191.039168 -33712.157450
206.345807 -33712.157450
236.301514 -33710.724714
260.762567 -33710.295534
284.584708 -33710.295534
309.457940 -33710.295534
351.126014 -33710.295534
405.265634 -33710.295534
