3.884294 -99682.782559
8.843240 -99421.479072
43.942572 -94854.747955
73.038529 -94788.516806
98.820348 -94776.245319
122.311839 -94774.402097
144.399792 -94773.176703
166.998910 -94772.728845
193.156401 -94772.728845
235.998457 -94770.116277
276.699703 -94768.063526
316.502836 -94767.936046
360.363242 -94765.416290
402.152536 -94764.378811
442.216065 -94764.378811
482.594369 -94749.924512
543.391106 -94746.737040
589.169777 -94746.737040
630.974978 -94746.737040
723.432469 -94746.737040
869.398018 -94746.737040
