1.735988 -34177.631786
3.665912 -34038.406424
9.747659 -34009.427784
21.780137 -33976.155784
46.640132 -31704.642117
80.944243 -31613.893747
107.788528 -31594.472875
131.112313 -31594.232257
158.171504 -31591.539066
185.972128 -31591.537999
217.704583 -31582.741702
245.129274 -31580.890597
271.096843 -31580.781956
290.300852 -31580.781956
317.046891 -31579.227834
344.383221 -31579.227834
374.109431 -31579.227834
424.920268 -31577.565882
459.184311 -31577.090516
486.326086 -31576.644053
507.147064 -31576.644053
532.009866 -31576.644053
583.721466 -31576.644053
643.465410 -31572.883809
674.751259 -31572.883809
710.386656 -31572.883809
759.410286 -31572.883809
816.678762 -31572.883809
