1.358400 -59039.747261
3.209505 -58794.090537
8.200762 -58770.937315
17.996400 -58764.823275
39.532583 -54401.538992
64.617465 -54279.830331
87.555494 -54256.961279
110.059824 -54236.639667
130.720323 -54232.149992
149.737348 -54231.693228
167.926830 -54231.241803
185.909521 -54230.821583
204.203499 -54229.644575
221.480349 -54229.433499
239.177056 -54226.368849
258.014759 -54222.999104
275.721421 -54222.616772
293.855096 -54222.616772
330.195819 -54216.741134
360.364698 -54214.490379
389.975500 -54214.280352
419.269729 -54214.206478
448.425226 -54214.206478
476.530046 -54213.387795
516.903840 -54212.988123
550.638254 -54212.988123
580.149986 -54212.969688
620.360012 -54212.969688
652.583340 -54212.969688
704.596284 -54212.969688
780.695486 -54212.969688
