9.333182 -101294.548818
16.623783 -100982.653785
43.104213 -100982.653785
64.318161 -100881.078925
85.527925 -100851.138968
105.076085 -100824.007053
123.130075 -100815.573392
141.945055 -100810.978280
160.660418 -100810.698904
178.310869 -100810.684202
196.268329 -100808.611794
220.016509 -100808.611794
257.065459 -100802.044519
291.689989 -100801.368849
325.357354 -100800.734368
358.567934 -100800.653388
391.581825 -100800.653388
422.125445 -100800.653388
482.552874 -100800.653388
567.430933 -100800.653388
