5.517049 -60206.006445
11.056358 -59892.401754
27.351714 -59851.189452
61.378861 -59850.336228
118.242895 -59850.336226
144.068978 -59759.629527
165.397287 -59742.380448
183.923039 -59733.724197
202.847762 -59727.891635
221.123418 -59723.944430
239.997800 -59721.709568
257.261880 -59721.699145
274.439925 -59721.684160
295.321290 -59721.684160
326.032898 -59719.868593
354.415822 -59718.564964
382.262861 -59718.306430
409.563622 -59718.016156
436.653851 -59717.823434
463.611680 -59717.450303
490.597343 -59717.382761
517.640804 -59717.316057
544.637906 -59717.316057
571.602011 -59717.316057
632.311577 -59717.316057
718.743075 -59717.316057
