2.413647 -113265.253855
5.631876 -112893.210277
15.873473 -112833.299888
36.629188 -112809.360019
80.138711 -103719.932496
103.914063 -103651.588704
126.778174 -103636.304405
148.773914 -103623.296394
169.917944 -103621.250428
189.805581 -103620.488360
213.962958 -103620.488360
250.143252 -103614.190738
283.539510 -103611.659984
317.145438 -103606.314337
348.232455 -103605.237721
379.256626 -103604.660309
410.208194 -103604.547301
441.185245 -103604.499125
472.220164 -103604.499125
504.283902 -103604.499125
569.977631 -103604.499125
659.121866 -103604.499125
