2.008293 -81307.890932
4.839800 -81110.324744
14.281995 -81044.099447
33.369719 -81038.044100
60.974998 -81018.150321
103.451026 -73949.013161
132.773370 -73826.005682
161.934247 -73796.269361
187.261998 -73784.611069
212.518885 -73782.324502
234.433060 -73782.108296
256.354121 -73781.820190
277.738293 -73781.621553
299.299182 -73779.915976
320.378251 -73779.541311
347.037304 -73623.529519
385.111723 -73611.081966
420.655613 -73608.018492
453.178343 -73607.836420
485.348451 -73607.836420
520.065469 -73607.575207
565.081358 -73606.110711
604.128841 -73604.854060
638.696796 -73603.960116
672.057976 -73603.068144
704.425305 -73601.512650
736.726885 -73600.852913
769.868104 -73597.687447
802.012258 -73596.850854
834.602068 -73596.029171
866.730914 -73596.029171
900.695294 -73594.901333
946.455287 -73592.285363
986.404640 -73590.373640
1020.472785 -73590.373640
1054.040111 -73590.373640
1121.037069 -73590.373640
1205.601847 -73590.373640
