2.311992 -92797.210766
5.106637 -92564.024648
22.262551 -86149.533884
42.113463 -86108.944852
59.825991 -86071.690329
77.337073 -86056.893032
94.609633 -86047.952539
110.985230 -86045.022493
127.117610 -86040.430082
143.960291 -86037.987155
159.733892 -86037.727702
175.509103 -86037.479720
191.437149 -86037.377459
208.292238 -86037.377459
241.480661 -86028.464879
270.475504 -86027.545818
301.566607 -86023.274987
329.425329 -86023.274987
357.957179 -86023.274987
429.101541 -86023.274987
535.980622 -86023.274987
