5.369653 -63854.630595
10.351245 -63574.211782
26.001359 -63545.381478
60.728463 -63545.381478
82.061940 -63505.603287
100.927935 -63492.502949
116.773938 -63489.987799
133.038013 -63485.505233
149.908281 -63468.412760
164.375559 -63465.153748
181.587136 -63461.920699
195.327163 -63461.661722
209.047798 -63460.059772
222.932927 -63459.952094
239.858231 -63459.952094
265.346151 -63459.097057
288.982137 -63458.769120
311.991636 -63458.599105
334.773990 -63458.588565
357.564326 -63458.588565
382.360332 -63458.588565
425.148083 -63458.588565
488.246389 -63458.588565
