2.320870 -80613.654937
5.903078 -80410.824333
16.988614 -80394.596716
48.854860 -76417.224046
71.264987 -76281.863239
93.314569 -76252.613642
113.796737 -76242.680609
134.902406 -76237.045325
152.793835 -76235.435674
170.677657 -76234.818689
188.771459 -76234.752651
207.288261 -76231.846853
226.956082 -76231.846853
261.361125 -76220.640556
292.665662 -76219.842896
322.344047 -76219.084657
352.841804 -76216.784544
382.003653 -76216.784544
412.516405 -76216.784544
471.298298 -76216.784544
532.624296 -76216.784544
