2.913406 -110654.855112
6.713683 -110346.621868
17.782777 -110302.669658
39.962879 -110295.312287
90.581068 -102511.820207
127.550500 -102462.872624
160.320365 -102450.041767
188.714832 -102446.170129
214.887603 -102445.445656
240.711177 -102445.229950
265.630281 -102445.103561
294.963580 -102445.103561
340.162696 -102429.904027
379.384619 -102426.808129
418.757069 -102424.523790
457.316599 -102422.769547
494.709677 -102422.075152
531.635770 -102421.905297
568.395773 -102421.634200
605.234424 -102421.634200
644.283699 -102421.634200
720.931951 -102421.634200
830.808667 -102421.634200
