1.607430 -55968.766801
3.595574 -55810.455195
9.312480 -55793.244833
26.405676 -52119.670993
47.436759 -52078.656889
68.298963 -52069.864275
86.641198 -52065.708975
106.173549 -52057.874039
122.751186 -52050.218358
140.243952 -52050.052731
157.700160 -52048.183340
174.470151 -52048.111181
191.389699 -52047.758327
208.024744 -52047.710895
227.516006 -51928.861416
252.018782 -51927.634602
275.524175 -51926.501776
299.173434 -51926.374474
323.192284 -51921.763945
346.456350 -51921.218233
371.265313 -51921.078957
393.729200 -51921.078956
418.073289 -51921.078956
460.629757 -51921.078956
505.326701 -51921.078956
