7.653921 -99440.193359
14.358484 -99202.522976
40.831638 -99202.522972
62.645564 -99117.854847
83.687940 -99091.817361
103.493967 -99083.363119
122.207098 -99080.998040
142.314028 -99078.541685
159.254889 -99078.525570
180.834581 -99078.525570
218.610688 -99073.166398
252.027585 -99073.151341
284.579349 -99073.151341
323.954532 -99067.444554
371.687016 -99055.527708
410.160388 -99053.322386
444.422860 -99053.253584
477.417798 -99053.253584
516.063057 -99053.253584
609.672532 -99053.253584
741.571939 -99053.253584
