2.354315 -68508.954164
5.793037 -68181.253943
15.867793 -68096.273919
36.288067 -68096.273919
69.824401 -68087.301815
124.852496 -61987.694937
156.037340 -61912.242193
181.947376 -61889.716261
204.292636 -61886.303554
224.697400 -61883.096654
245.173236 -61877.770382
265.214808 -61873.745100
284.846034 -61873.500050
306.441996 -61869.032786
325.935481 -61867.805761
345.562737 -61866.845728
366.999933 -61863.233834
386.375338 -61862.944059
405.635202 -61862.664521
424.805217 -61862.449195
444.554093 -61862.346537
465.373360 -61862.346537
500.218951 -61858.781701
532.714424 -61858.438825
564.015938 -61858.438825
594.301564 -61858.438825
644.984118 -61858.438825
714.470265 -61858.438825
