1.014422 -27742.888742
2.325595 -27589.012127
5.844109 -27539.835465
12.240906 -27458.274180
21.730021 -27449.694977
38.568688 -25684.173104
62.054636 -25592.940993
82.449031 -25580.506837
102.692394 -25573.176048
121.613515 -25570.063391
137.024853 -25567.027487
146.521591 -25567.027487
174.581640 -25561.114662
193.235968 -25561.114662
217.284276 -25559.138290
250.830973 -25557.190444
273.128835 -25557.190444
297.704590 -25555.398550
325.818650 -25553.416221
347.992143 -25553.416221
373.523925 -25553.160326
400.782408 -25553.160326
428.638369 -25552.596384
455.610264 -25552.596384
483.775411 -25552.596384
519.193935 -25552.596384
569.996649 -25552.596384
