4.945237 -61005.890237
9.402926 -60755.199290
23.765480 -60718.476025
53.755809 -60716.107463
102.076464 -60716.107463
118.692978 -60650.880906
133.715009 -60633.614454
145.930958 -60633.158977
158.901751 -60630.913888
171.873833 -60623.150104
187.523343 -60623.150104
212.391156 -60612.284349
234.282496 -60609.553909
255.048341 -60608.754043
275.489770 -60608.525117
295.945923 -60608.222185
316.580338 -60607.352117
336.973704 -60607.045728
357.309742 -60606.788062
378.350083 -60605.176390
398.709412 -60605.129533
418.951886 -60605.129533
440.027141 -60605.129533
480.984687 -60605.129533
536.082087 -60605.129533
