1.539975 -58184.420805
3.466754 -57885.827934
9.245262 -57874.901545
27.986010 -53944.477996
49.694587 -53795.017795
69.536318 -53762.109133
90.609678 -53753.572533
107.765831 -53750.425981
125.702731 -53748.489787
142.399706 -53743.773752
158.761407 -53742.292022
175.237723 -53741.815556
191.840969 -53741.584622
208.286347 -53741.562663
225.098086 -53741.176176
241.545608 -53741.150812
258.912894 -53741.150812
288.695149 -53736.329555
316.355283 -53735.924667
343.341951 -53733.081697
370.040637 -53732.903831
396.683767 -53732.768750
422.984339 -53732.688534
449.361263 -53732.588030
475.888520 -53732.588030
503.824165 -53731.657406
543.960486 -53723.636374
574.513556 -53723.615797
602.124021 -53723.144574
628.495160 -53723.144574
655.931655 -53723.144574
706.931877 -53715.771257
750.237257 -53707.289119
783.023765 -53705.715526
811.381054 -53703.792472
837.757884 -53701.493390
863.646776 -53701.493390
890.758055 -53701.493390
938.247907 -53701.493390
990.111873 -53701.493390
