7.804539 -126391.276190
14.632468 -126039.737505
36.186145 -126007.428517
83.838450 -126007.428516
109.133073 -125923.947780
132.625698 -125898.633374
153.187821 -125897.969789
173.005088 -125897.699526
197.284268 -125897.699526
233.893542 -125890.879272
266.460700 -125890.299118
299.282982 -125883.564071
329.638732 -125882.318196
359.662432 -125882.129524
389.548035 -125882.104195
419.153012 -125881.970207
448.723466 -125881.504534
478.584317 -125878.955556
508.053479 -125878.112244
537.495133 -125878.112244
567.419340 -125877.426117
612.169416 -125875.744113
650.634518 -125874.528562
683.209428 -125874.528562
714.476855 -125874.528562
769.262620 -125874.528562
853.447423 -125874.528562
