2.943779 -135787.813195
6.311183 -135528.219118
18.324781 -135519.184362
53.043076 -129265.327872
85.622004 -129191.479277
116.231802 -129161.228842
141.541815 -129156.134710
164.097222 -129154.693922
186.549072 -129154.021914
208.321801 -129153.606913
230.211823 -129150.642386
255.780570 -127894.493344
296.273648 -127879.883919
332.772980 -127874.249418
367.902251 -127873.725234
402.319930 -127873.218459
436.261940 -127872.864978
470.143329 -127872.516764
504.021610 -127872.495982
537.875613 -127872.495982
576.269165 -127872.495982
647.217184 -127872.495982
748.637458 -127872.495982
