1.377527 -79922.651339
3.277808 -79735.214315
8.905856 -79710.180709
20.014875 -79686.196083
41.573039 -76020.997917
67.850585 -75950.417066
90.234757 -75931.781417
109.623765 -75927.527328
128.664372 -75925.399905
146.691047 -75925.376304
166.346862 -75924.059533
187.017021 -75878.942540
219.600193 -75856.927636
250.334038 -75853.929026
280.020691 -75852.827023
309.309706 -75852.348624
338.463179 -75852.076571
367.287532 -75852.076571
395.990080 -75852.076571
453.835035 -75852.076571
530.518252 -75852.076571
