5.143006 -38191.206801
10.843998 -37970.616244
28.768308 -37942.072986
67.238174 -37941.169951
130.042866 -37941.169942
153.960208 -37912.505125
177.444997 -37898.070595
198.700190 -37878.341343
218.862452 -37865.767920
237.246894 -37864.377568
257.627073 -37860.625955
275.226984 -37860.025452
293.648984 -37859.410838
310.920340 -37859.221612
328.043788 -37859.175550
345.375469 -37858.538078
363.236029 -37858.538078
395.766143 -37852.819352
426.236437 -37852.499491
453.656155 -37852.241623
480.179272 -37852.241623
511.142160 -37852.241623
577.442907 -37852.241623
671.275483 -37852.241623
