3.277900 -34615.497517
6.637578 -34452.396527
16.521080 -34392.435524
36.861507 -34364.265078
69.960119 -34364.265069
83.216239 -34317.517021
96.283760 -34300.075161
108.149147 -34293.628253
118.796146 -34290.802471
129.782054 -34290.369335
140.929587 -34289.881045
152.356376 -34286.970954
162.721306 -34286.595389
175.060374 -34278.273865
186.624002 -34270.410541
198.202541 -34269.665128
208.894409 -34268.351659
219.486228 -34267.845247
229.954023 -34267.830736
240.502446 -34267.817276
252.659738 -34267.817276
271.650480 -34266.157731
288.001302 -34266.157731
305.619401 -34266.157731
341.158225 -34266.157731
386.299169 -34266.157731
