14.768361 -133692.780783
23.401014 -133412.048741
50.202175 -133383.525109
107.055128 -133383.525109
141.856094 -133333.289746
173.004941 -133302.379384
201.030161 -133296.370310
227.391868 -133294.301673
254.832603 -133284.504345
281.506546 -133273.353119
308.107873 -133271.177121
333.231098 -133270.704913
358.976887 -133258.016234
384.270850 -133257.717210
408.993826 -133257.701168
435.945750 -133253.187787
459.869067 -133250.725862
483.981187 -133245.981134
512.625364 -133245.981134
558.943972 -133231.926276
600.681541 -133231.783602
641.083300 -133231.783602
680.091128 -133231.783602
751.702592 -133231.783602
838.968717 -133231.783602
