10.159112 -132080.165315
18.010156 -131724.742990
42.197094 -131674.759570
98.530915 -131674.759570
130.108723 -131586.757288
157.890378 -131532.760913
186.330980 -131507.861088
209.978535 -131502.749869
233.854352 -131500.225651
258.989138 -131487.045178
282.642877 -131476.367953
305.871429 -131467.838422
328.213640 -131467.738198
350.445844 -131467.124722
374.144881 -131466.809790
403.106004 -131466.809790
443.416162 -131461.839093
480.896790 -131460.680757
517.250479 -131460.680757
555.530698 -131460.680757
627.225061 -131459.996674
685.041954 -131457.750902
729.199853 -131456.558624
767.916383 -131456.127074
805.063964 -131455.889190
841.459897 -131455.889190
879.879340 -131455.889190
952.864347 -131455.889190
1043.165188 -131455.889190
