1.879899 -73999.207579
3.865707 -73669.421766
9.874596 -73642.360953
22.342746 -73599.929734
46.725109 -67339.399720
81.308897 -67184.189947
111.283779 -67157.445213
139.395697 -67144.235231
165.502367 -67138.400807
191.692055 -67134.443235
217.103943 -67130.951385
240.100136 -67130.475397
265.289450 -67127.640270
288.954027 -67125.592181
311.457423 -67125.514690
334.164556 -67125.437752
357.490654 -67125.437752
393.640384 -67122.879543
426.951560 -67122.195798
459.276040 -67122.160029
491.157370 -67122.160029
524.988913 -67122.160029
588.676696 -67122.160029
672.593486 -67122.160029
