1.980976 -92534.059089
4.714584 -92237.067924
13.712283 -92166.544466
42.189101 -85560.882743
71.177087 -85473.710098
99.077553 -85441.909074
122.819721 -85421.867957
142.489126 -85420.523729
161.749102 -85419.643709
182.856293 -85416.456390
206.473013 -85404.849447
228.633045 -85403.453435
246.818011 -85403.361686
265.849380 -85403.361686
300.377055 -85394.002372
332.503431 -85393.385941
363.268653 -85393.039300
393.656315 -85392.742943
424.083892 -85392.742943
455.032844 -85391.654092
499.964286 -85391.654092
536.754030 -85391.654092
593.198184 -85391.654092
682.241592 -85391.654092
