2.590979 -110692.645476
7.324337 -110538.317263
20.836019 -110513.778324
58.647354 -103679.904550
94.252236 -103616.545769
127.166524 -103589.856075
154.138914 -103587.708552
181.756954 -103585.979288
208.978475 -103584.331828
237.241841 -103574.344257
263.405685 -103570.722857
289.443712 -103570.707843
317.030690 -103569.850923
349.314987 -102366.345465
390.123917 -102358.483953
425.310013 -102358.414614
459.951196 -102358.414614
500.169267 -102358.414614
566.174336 -102358.414614
651.232302 -102358.414614
