3.245265 -141373.534307
7.347824 -140999.948543
20.916787 -140991.300545
56.711180 -133166.107158
103.270553 -133069.152641
142.647099 -133038.291585
176.495862 -133032.240558
208.251759 -133030.380529
239.417539 -133028.473743
269.522263 -133027.485807
304.166787 -133006.963756
332.952773 -133005.932321
361.972516 -133005.770814
390.771513 -133005.710201
419.583897 -133005.683446
449.625107 -133005.683446
494.999092 -133001.724457
537.038073 -133001.609714
577.729802 -133001.609714
623.393902 -133001.609714
706.120156 -132998.177509
764.316862 -132998.073274
811.576416 -132998.073274
861.400570 -132998.073274
941.900262 -132998.073274
1063.900433 -132998.073274
