2.565143 -122837.151762
6.048641 -122647.507611
17.231143 -122605.566419
50.074264 -113722.561332
82.244642 -113623.580264
110.857505 -113602.893861
135.683356 -113595.219644
161.253297 -113583.997831
184.839410 -113582.265293
207.823881 -113581.210202
230.874759 -113580.142563
253.658008 -113579.502499
281.266648 -113438.674443
323.460249 -113435.165237
360.899690 -113434.816418
397.604565 -113433.775712
433.696767 -113433.454843
469.717324 -113433.454843
506.535626 -113433.454843
583.933116 -113433.454843
675.176346 -113433.454843
