1.306638 -53249.689597
2.673465 -52980.759190
7.495777 -52901.726451
18.372869 -52857.138547
37.181555 -50053.869027
71.111378 -49944.539830
101.574533 -49908.893963
128.945503 -49894.245534
154.028826 -49887.926514
176.244715 -49884.159513
198.337788 -49883.786589
220.124574 -49883.712392
243.861522 -49829.586385
275.298650 -49828.323451
306.053806 -49827.315337
334.013344 -49827.100222
361.359251 -49826.989482
388.325878 -49826.927899
416.312026 -49826.881457
442.915632 -49826.881457
477.302370 -49826.359836
513.000952 -49824.928581
542.969062 -49824.928581
579.517354 -49824.928581
646.513976 -49820.899880
687.822446 -49815.894815
720.248429 -49813.303035
748.942811 -49812.854869
777.755347 -49810.538911
804.182964 -49810.538911
838.428560 -49808.522674
875.346669 -49808.154495
905.113526 -49808.154495
941.012668 -49808.154495
1010.557805 -49808.154495
1099.156085 -49802.255454
1139.414116 -49801.074273
1172.825716 -49800.141668
1203.672019 -49797.281414
1232.147843 -49791.698753
1259.584068 -49791.379921
1287.996642 -49787.213192
1315.199260 -49785.915827
1344.373242 -49785.444814
1371.864236 -49785.444814
1406.239555 -49784.854297
1441.927755 -49784.572625
1472.719807 -49784.572625
1509.258239 -49784.572625
1573.889981 -49784.572625
1656.232912 -49784.572625
