4.377437 -90984.282819
9.243520 -90749.669414
22.542788 -90734.103839
46.574746 -90720.130980
109.994534 -82526.280625
151.357435 -82446.102451
190.511440 -82425.401789
227.914540 -82422.550411
261.479187 -82418.499762
297.995624 -82411.637521
333.590791 -82410.668523
369.166921 -82410.425170
404.233019 -82410.398833
448.366107 -82410.398824
498.035898 -82397.302893
543.271415 -82393.597004
586.386681 -82391.748576
624.814428 -82391.389152
660.521108 -82391.389152
705.259895 -82391.389152
783.623850 -82391.389152
892.553323 -82391.389152
