6.052096 -101753.442812
13.222505 -101478.838697
39.794030 -101437.451321
61.832619 -101394.033153
80.165208 -101391.998874
97.920057 -101391.091782
117.669557 -101384.027935
135.974596 -101381.766954
154.168729 -101381.766954
191.741640 -101374.129448
224.846863 -101373.953667
257.172730 -101373.819102
289.246438 -101373.819102
324.344474 -101373.819102
406.017023 -101373.819102
516.789010 -101371.393597
569.995856 -101369.496949
613.315469 -101368.222045
648.815321 -101368.128206
682.237171 -101367.669488
715.950758 -101360.673301
752.308332 -101345.812855
786.020853 -101343.886477
817.283240 -101343.886477
852.029427 -101331.723960
897.867522 -101331.723960
939.801463 -101331.723960
1020.344753 -101331.723960
1141.632255 -101331.723960
