1.863705 -54025.336478
4.036320 -53767.303890
10.770452 -53753.415173
23.555456 -53742.507152
48.499696 -50705.609841
73.608811 -50645.233214
99.751626 -50617.934482
124.897810 -50612.965725
148.128772 -50611.207541
168.041951 -50610.892458
191.023272 -50607.652772
213.160904 -50605.907236
235.470391 -50604.751326
255.557054 -50602.848012
278.008000 -50602.537623
298.152647 -50601.571790
321.464670 -50596.743834
343.568962 -50592.691794
365.753297 -50591.915893
385.837082 -50591.661376
405.263474 -50591.628187
425.259144 -50591.628187
459.760115 -50588.994154
490.304460 -50583.824222
519.079517 -50583.555488
551.037413 -50580.915044
579.365798 -50580.814002
611.342662 -50580.016273
639.554580 -50580.016273
672.720237 -50580.016273
737.667626 -50579.250351
781.818142 -50579.123413
816.465556 -50579.032830
846.886770 -50578.842751
875.497359 -50578.842751
908.899876 -50578.842751
973.063445 -50578.842751
1050.308087 -50578.842751
