1.282454 -28553.015323
2.377146 -28298.783626
5.563871 -28238.835417
11.641312 -28199.762370
28.915903 -26038.184464
51.526220 -25933.087540
70.689103 -25884.622835
89.413810 -25881.554333
97.116986 -25881.554333
128.907771 -25872.124843
157.260544 -25872.124842
180.996613 -25869.795963
219.494279 -25856.978753
251.550806 -25852.818043
272.869227 -25852.719403
290.902070 -25852.719403
316.857406 -25851.737123
356.565460 -25844.461963
388.738239 -25841.406117
408.064864 -25841.406117
433.599502 -25840.640177
473.406479 -25839.728687
505.317247 -25838.050700
524.540878 -25838.050699
548.937210 -25838.050699
600.607074 -25835.293632
631.262180 -25835.293632
661.023261 -25835.092270
688.735069 -25835.092270
715.848567 -25835.092270
764.315307 -25835.092270
829.199638 -25835.092270
