5.286108 -45535.693908
11.055755 -45262.104350
27.164281 -45254.921842
59.935276 -45254.920089
82.370487 -45182.993236
102.585821 -45167.646161
121.714656 -45157.868629
137.093977 -45156.063008
152.355888 -45155.222445
167.407141 -45154.901250
183.713839 -45154.901250
213.277026 -45153.343150
240.032770 -45153.343150
265.736169 -45153.343150
316.109090 -45144.784786
357.335571 -45141.033659
389.782579 -45141.033659
417.110926 -45139.822650
454.312575 -45139.822650
483.110257 -45139.822650
529.601104 -45139.822650
605.203655 -45139.822650
