4.148368 -73154.523782
8.191202 -72962.199124
21.756983 -72962.199124
34.210780 -72913.901991
46.759580 -72891.963428
57.977792 -72879.817216
68.399666 -72878.165280
78.818350 -72877.373029
89.219414 -72876.724496
100.134065 -72870.810163
110.218958 -72870.631356
122.975627 -72870.631356
144.245860 -72865.973299
163.051530 -72861.774448
181.288137 -72861.723778
199.446499 -72861.723778
216.846369 -72856.887084
243.626712 -72856.887084
263.891542 -72856.887084
296.136534 -72856.887084
337.501947 -72856.887084
