2.253723 -80234.670968
4.195476 -80043.161504
10.697547 -80003.152214
32.883740 -74955.923011
57.297801 -74880.587187
79.974641 -74856.949009
100.787619 -74855.190320
119.929397 -74854.180842
138.766481 -74853.729559
157.884349 -74853.092893
177.083948 -74852.057378
195.626144 -74851.693150
214.181456 -74851.495949
235.865157 -74839.328301
256.969831 -74831.519118
275.574652 -74830.519620
294.371233 -74829.328604
312.549201 -74829.240131
331.423124 -74827.896035
352.685949 -74824.630320
371.616492 -74824.630320
405.529605 -74820.105050
435.669176 -74818.371526
464.849409 -74818.371526
496.417761 -74818.371526
574.677006 -74818.371526
692.141887 -74818.371526
