2.545464 -128298.030959
5.594303 -127947.442491
16.363485 -127870.840260
38.811754 -127858.992539
82.115914 -119453.132485
132.362909 -119257.211438
170.818327 -119180.867166
205.696825 -119136.643725
236.816538 -119121.834341
267.299294 -119117.988291
294.134901 -119117.417814
320.973798 -119117.417814
368.089185 -119107.324824
408.203911 -119105.812163
446.748973 -119105.553310
484.659163 -119105.543140
522.244396 -119105.532481
559.598372 -119105.532481
601.765476 -119105.532481
673.489109 -119105.532481
784.219845 -119105.532481
