3.694338 -41966.755939
9.261895 -41733.862803
27.210566 -41695.084099
63.522725 -41692.622416
122.054919 -41692.622416
143.511899 -41658.083497
162.491156 -41645.569685
180.414291 -41638.334120
196.904750 -41635.990769
216.148106 -41634.629418
232.631665 -41633.454644
251.618214 -41628.807717
268.051932 -41626.045753
284.346540 -41623.998547
300.483348 -41623.975098
316.607769 -41623.954297
333.921146 -41623.954297
365.356316 -41621.855582
392.966615 -41620.771321
418.739680 -41619.288755
448.067500 -41614.716502
473.955394 -41614.103042
499.070463 -41614.103042
527.791376 -41614.103042
584.696932 -41614.103042
666.207888 -41614.103042
