1.345619 -40569.980478
2.541407 -40301.917986
6.144953 -40242.562408
13.229947 -40198.970134
28.773340 -36920.364228
54.162895 -36778.100748
76.545863 -36754.577736
96.735022 -36738.993299
114.343557 -36730.311090
129.294309 -36729.985305
143.859827 -36729.985305
171.908905 -36724.913907
195.658502 -36724.439725
218.662095 -36724.257239
241.219455 -36724.199405
263.603969 -36724.199405
288.304334 -36724.199405
341.327080 -36720.625324
378.441331 -36719.304878
407.906289 -36719.304878
434.956656 -36719.304878
488.124082 -36718.883519
527.349114 -36713.220660
557.078907 -36713.220660
584.579620 -36711.173451
622.340687 -36701.134436
653.391134 -36699.684305
677.636588 -36699.684305
703.026068 -36699.684305
759.191400 -36684.357069
800.746064 -36681.863963
830.417433 -36681.863963
857.821954 -36681.863963
909.756293 -36681.863963
966.733797 -36681.863963
