13.697287 -120518.735247
21.406340 -120192.107274
46.536398 -120114.265702
109.590895 -120114.265702
141.441999 -120047.190093
165.632046 -120046.275847
188.689347 -120045.973170
211.370686 -120044.590409
233.454539 -120038.978351
264.003201 -120038.978351
305.618111 -120015.328846
342.382719 -120015.281734
378.192303 -120015.046717
413.669014 -120014.784102
448.807823 -120014.481532
483.923142 -120014.342893
519.184816 -120014.182661
554.108466 -120014.182661
592.657793 -120006.182976
643.011853 -120006.182976
688.098427 -120006.182976
759.522363 -120006.182976
868.342163 -120006.182976
