2.593464 -131948.638860
6.144924 -131478.881113
17.171315 -131413.794937
48.655043 -120487.017448
81.130556 -120346.995190
113.201878 -120310.391944
141.622981 -120307.062786
168.202490 -120305.519213
193.820351 -120302.283610
219.824408 -120297.796228
244.694499 -120296.264693
270.343110 -120293.903808
295.518308 -120293.066916
320.641015 -120290.704028
346.625762 -120290.704028
391.358424 -120269.224551
430.651044 -120266.837497
469.360797 -120266.699757
507.960095 -120266.699757
549.758066 -120266.643385
600.860801 -120266.356578
643.976742 -120266.356578
687.067714 -120266.356578
746.886265 -120266.356578
827.974160 -120266.356578
