2.189508 -95635.630706
4.623588 -95371.710436
12.936261 -95341.725907
36.834623 -91263.972416
66.762411 -91204.783487
91.830421 -91191.546073
118.358444 -91184.858908
144.079184 -91183.606009
170.071279 -91179.648691
194.863179 -91176.910077
218.049144 -91175.433617
240.103331 -91174.836013
262.384637 -91174.439433
286.976726 -91173.193856
309.422498 -91173.193856
342.832317 -91172.416753
375.198526 -91169.945067
405.045844 -91169.806259
434.616983 -91169.806259
470.345743 -91169.806259
556.558483 -91165.918192
601.966207 -91165.918192
649.716499 -91165.918192
728.066537 -91165.918192
842.426563 -91165.918192
