8.522850 -84374.020471
15.406159 -84076.053476
40.291873 -84067.115856
92.063686 -84056.306986
172.114881 -84056.306986
202.854387 -83974.985005
228.827745 -83968.232942
253.556274 -83959.757173
275.482835 -83956.002535
296.019757 -83955.288222
316.143431 -83954.550953
337.373689 -83948.169043
357.650251 -83947.907853
378.582128 -83942.456098
398.976159 -83942.262182
421.281743 -83929.847709
442.088408 -83929.090654
462.208351 -83928.682272
483.185434 -83928.356375
508.309382 -83928.356375
544.423812 -83926.910975
577.913503 -83925.757889
611.836024 -83922.211714
643.504865 -83921.530165
675.181208 -83921.514326
708.251342 -83919.357068
739.552002 -83919.357068
774.774149 -83919.357068
853.848781 -83919.357068
955.353328 -83919.357068
