5.203051 -71601.482096
10.015279 -71304.085502
25.312094 -71263.289094
55.516799 -71239.679874
101.779984 -71220.721153
161.405212 -71204.235204
164.037549 -71204.235203
189.094575 -71102.856461
210.655782 -71080.933532
231.601648 -71067.025687
251.745016 -71058.451593
267.849757 -71057.902941
285.526663 -71056.416093
301.873150 -71056.276945
321.034741 -71056.276945
349.789611 -71053.181585
375.039523 -71052.842477
399.432739 -71052.544096
425.338563 -71051.198152
449.448217 -71051.198152
475.052363 -71051.198152
526.908587 -71051.198152
593.369657 -71051.198152
