3.042599 -106108.078258
6.037683 -105873.476810
15.692680 -105845.344175
49.788005 -98294.706307
80.407743 -98216.187089
106.323579 -98188.436855
129.155761 -98186.601294
151.508906 -98186.025790
173.568244 -98185.649028
195.737656 -98184.295350
219.673599 -98183.350276
242.469981 -98181.448361
265.068244 -98178.922847
285.993140 -98178.548292
309.176920 -98127.584976
348.176852 -98114.722118
382.995118 -98114.124102
417.102262 -98114.079227
450.904524 -98114.079227
484.371861 -98114.079227
549.516691 -98114.079227
644.155180 -98114.079227
