1.738836 -59703.052394
3.593306 -59455.430450
9.875564 -59448.370653
23.675896 -59447.841205
52.230888 -54438.877782
84.139212 -54314.461078
112.011779 -54286.526184
137.763439 -54270.800761
158.248367 -54270.430701
178.102311 -54270.270702
198.121543 -54270.224778
218.199395 -54269.959361
238.038666 -54269.941013
257.684984 -54269.853331
278.042201 -54269.183827
298.325199 -54269.183827
334.720551 -54266.351366
366.297805 -54265.923579
395.889102 -54265.923579
428.403681 -54265.923579
497.102776 -54265.923579
580.787726 -54265.923579
