4.578346 -65971.895608
9.230237 -65778.071387
24.539696 -65679.037049
56.888742 -65679.037049
83.419057 -65590.311689
104.359678 -65542.488298
122.777841 -65537.404182
138.695607 -65535.900502
154.331453 -65535.130393
170.919051 -65529.868754
186.644337 -65529.797410
202.106810 -65529.771879
217.569608 -65529.584613
235.645395 -65529.584613
262.546286 -65518.156117
286.201375 -65518.100356
309.932457 -65517.757803
333.519051 -65515.741568
356.913470 -65512.955860
379.563749 -65512.955860
408.643142 -65512.955860
466.084590 -65512.955860
521.611006 -65512.955860
