3.483176 -147173.711406
8.960421 -146919.047446
40.225103 -137357.114605
72.373409 -137248.879131
101.204720 -137231.019521
130.739216 -137212.991387
160.358555 -137203.886492
184.622244 -137201.012265
210.411998 -137199.501159
234.333040 -137198.414828
258.174068 -137198.141274
281.757863 -137197.967303
305.787348 -137197.801987
329.710426 -137197.577508
353.250088 -137196.977905
383.326606 -136957.322148
431.753614 -136946.825935
475.552229 -136946.017240
520.534536 -136941.204110
562.342825 -136940.806236
603.767035 -136940.806236
646.580246 -136940.806236
725.841448 -136940.806236
846.888934 -136940.806236
