19.609450 -201776.525812
29.361309 -201494.685941
58.567296 -201444.233630
131.520397 -201444.233630
166.898717 -201345.317886
200.270733 -201316.729933
229.402335 -201300.481968
258.037988 -201298.633561
284.812599 -201295.116939
324.835249 -201295.116939
377.205325 -201264.299168
423.289433 -201263.860068
467.897494 -201263.860068
509.543850 -201263.860068
590.575306 -201250.895065
657.951336 -201212.504361
712.493523 -201205.676276
760.314948 -201205.676276
802.387771 -201205.676276
882.325971 -201205.676276
979.718998 -201205.676276
