1.681124 -91769.296539
3.641258 -91516.625014
9.840436 -91510.555995
26.871084 -85230.700166
50.858278 -85136.555299
73.219617 -85111.227562
94.206176 -85101.982423
113.505851 -85098.637751
130.697145 -85096.275609
147.954644 -85096.275609
180.790383 -85092.055548
210.313004 -85091.452847
238.997532 -85091.075620
268.380343 -85082.872388
296.452303 -85082.562855
324.428563 -85082.562855
352.305566 -85082.410022
394.433754 -85081.965541
428.848388 -85081.806402
459.247543 -85080.495806
488.251205 -85080.495806
516.314101 -85080.495806
576.534462 -85080.495806
662.232556 -85080.495806
