2.189609 -79550.808704
5.504048 -79268.433383
14.627284 -79258.266175
43.702032 -72398.191234
72.540917 -72295.471596
100.537210 -72243.968014
125.086679 -72228.510761
147.890335 -72217.944237
169.566820 -72216.054736
190.602394 -72211.157571
211.372153 -72211.069726
232.223483 -72209.797149
252.795425 -72208.248773
276.651937 -72203.040987
297.551626 -72198.624762
317.769010 -72198.502400
338.074006 -72198.476102
360.044306 -72198.476102
399.755590 -72195.063760
434.146857 -72195.036960
467.690406 -72195.036960
499.647132 -72195.036960
551.118875 -72195.036960
621.333039 -72195.036960
