6.343029 -80994.446725
13.208201 -80661.600426
33.129287 -80494.701231
71.081851 -80485.599082
128.686274 -80485.599082
169.975268 -80337.276951
201.770917 -80303.688234
230.891829 -80289.921180
256.388772 -80285.018220
282.564133 -80278.129532
305.172048 -80274.158644
327.762090 -80273.265763
349.018671 -80272.750983
370.193851 -80272.736589
395.538776 -80037.138956
436.722564 -80023.409472
472.742812 -80019.513984
507.216116 -80017.068110
539.411539 -80017.068110
570.761013 -80013.184672
614.504669 -80012.994008
651.088573 -80012.994008
683.536457 -80012.194679
727.100640 -80010.097543
763.698348 -80005.539370
796.903035 -80005.539370
828.013055 -80005.539370
878.263404 -80005.539370
931.177459 -80005.539370
