9.887756 -81757.666830
17.075712 -81440.647646
38.799473 -81383.267264
79.439566 -81360.838743
148.572832 -81360.838743
180.121714 -81303.779095
210.889218 -81285.917222
236.191780 -81275.134216
260.126012 -81256.012217
281.444487 -81254.824467
302.300113 -81252.419297
322.560921 -81251.892823
342.852520 -81251.755605
362.910325 -81251.524199
382.851322 -81251.347072
402.386616 -81251.161364
428.873620 -81251.161364
467.954160 -81242.645700
502.218409 -81242.645700
535.636113 -81242.645700
600.593197 -81242.645700
685.568202 -81242.645700
