7.313932 -79024.656553
13.879285 -78800.344606
34.245366 -78797.488248
77.901893 -78776.045112
147.057927 -78773.315951
234.524381 -78773.315951
265.801656 -78696.891504
295.348170 -78675.904648
320.524867 -78669.752801
344.087831 -78659.918174
365.255954 -78659.216760
386.533276 -78658.573678
408.599839 -78658.347594
429.604552 -78658.330968
452.899509 -78655.986080
475.356625 -78655.986080
511.568786 -78651.447273
544.601130 -78651.329229
576.613099 -78651.264036
607.942547 -78651.220455
639.123201 -78651.210418
670.367864 -78651.210418
705.883265 -78651.210418
774.800205 -78651.210418
877.862275 -78651.210418
