2.723003 -144223.306358
6.715391 -144104.451112
21.113866 -144091.099313
62.019267 -136518.117222
90.699824 -136408.364602
118.996855 -136376.167335
144.521960 -136370.280003
170.294203 -136362.385045
194.753311 -136359.813354
220.436671 -136357.036213
244.981527 -136352.325944
267.805036 -136352.213216
291.277866 -136352.213216
331.729020 -136347.418633
368.143445 -136347.321822
404.225196 -136347.229023
441.011366 -136346.888399
476.729723 -136346.888399
515.329310 -136346.888399
614.456543 -136346.888399
743.081549 -136346.888399
