5.227382 -74398.419708
11.726469 -74179.423917
31.840005 -74133.258494
78.188496 -73962.407941
103.615674 -73925.837690
129.000660 -73894.907527
150.194174 -73890.414518
171.237640 -73889.988828
189.789636 -73889.751282
209.114106 -73889.751282
241.990441 -73887.950577
274.197048 -73884.413274
303.697858 -73883.645224
334.585256 -73882.722733
363.452815 -73882.722733
397.112290 -73882.722733
477.576868 -73882.182106
520.671938 -73882.182106
566.249077 -73882.182106
639.512107 -73882.182106
732.563494 -73882.182106
