10.466655 -84989.438140
17.260584 -84742.617940
39.045997 -84721.779660
92.700166 -84721.779660
118.138389 -84687.705966
143.156251 -84661.738069
164.273234 -84656.314517
186.017871 -84653.239877
205.313788 -84652.792840
225.272193 -84648.483350
245.340113 -84648.389411
271.282804 -84648.389411
308.196253 -84642.877894
341.365910 -84642.024496
373.746379 -84641.074643
405.767701 -84640.591049
437.616879 -84640.414778
468.885907 -84640.356822
500.926203 -84637.183682
532.073564 -84637.183682
563.881281 -84637.183682
630.140939 -84637.183682
718.358085 -84637.183682
