1.841574 -100389.938478
4.324496 -100029.612087
12.697059 -100014.476496
38.082055 -93453.967059
65.133318 -93300.198030
89.089230 -93265.366729
114.155798 -93256.581347
136.538544 -93255.365344
159.089320 -93252.407620
181.514390 -93248.351160
206.594383 -93127.312323
242.208538 -93124.000640
274.798114 -93123.116660
306.546455 -93122.433309
337.913228 -93121.974991
371.286520 -93119.885038
403.420724 -93118.812623
434.794385 -93118.812623
467.271977 -93118.812623
533.703273 -93118.812623
610.441481 -93118.812623
