5.895499 -63060.960351
11.127410 -62694.978823
25.167537 -62672.818316
54.616820 -62672.818316
75.568288 -62588.493074
93.388628 -62545.154725
111.830118 -62521.257376
129.126512 -62509.878754
143.416414 -62506.385362
157.490234 -62505.661968
171.282836 -62505.367194
186.094170 -62495.871682
200.614057 -62493.668235
214.657879 -62493.305584
232.430716 -62493.305584
260.141782 -62491.554390
284.738289 -62491.554390
306.413411 -62491.554390
339.731027 -62491.554390
387.456074 -62488.722535
423.536862 -62488.722535
449.548115 -62488.722535
481.270702 -62488.722535
529.664019 -62488.722535
