1.923426 -98183.886663
4.194049 -97898.784390
11.089076 -97820.501781
34.339663 -89751.172387
65.743084 -89636.593385
93.678415 -89596.100227
119.406325 -89584.631698
143.292716 -89583.562621
165.036733 -89582.776484
186.116626 -89582.349234
206.638905 -89582.182374
227.407533 -89581.912155
248.843583 -89580.417566
270.434318 -89579.529057
290.768993 -89579.250627
311.780786 -89579.250627
348.200068 -89577.056544
382.087378 -89576.455247
415.076234 -89576.267387
447.982189 -89575.079328
483.507657 -89573.335984
516.315462 -89573.282996
549.029924 -89573.282996
584.356844 -89573.282996
644.762545 -89573.282996
724.740825 -89573.282996
