1.801642 -79469.531607
3.510595 -79220.531291
9.309469 -79179.145980
21.034672 -79162.201801
43.823326 -72699.883126
74.669441 -72628.238111
99.731824 -72606.362933
122.130793 -72596.468074
142.644834 -72592.009904
162.173833 -72591.685341
183.077048 -72587.316443
202.407223 -72582.889191
223.090274 -72577.592657
241.676763 -72577.166956
261.130150 -72574.087477
279.738728 -72574.065161
298.506543 -72574.035518
317.307885 -72572.017144
336.405931 -72572.017144
371.043572 -72568.445331
401.422258 -72568.445331
433.265166 -72568.445331
498.727060 -72568.445331
586.199419 -72568.445331
