2.698083 -92802.181352
6.702918 -92584.317211
33.789602 -81724.814067
59.074630 -81637.783441
83.142434 -81615.730003
108.194584 -81601.229497
132.141365 -81590.461161
153.226842 -81586.206723
173.003616 -81585.234261
191.990516 -81582.016417
210.857707 -81581.800448
229.689323 -81581.756118
250.673881 -81581.756118
289.313500 -81580.944891
325.892819 -81580.179613
361.569270 -81579.303043
397.158662 -81578.888844
432.238073 -81578.888844
466.812783 -81569.114460
520.184723 -81554.099114
562.389078 -81551.439348
602.820135 -81546.728150
640.825857 -81545.149281
679.146661 -81539.270404
715.360412 -81535.958552
753.306340 -81532.959037
788.090201 -81532.959037
822.542303 -81532.959037
882.539457 -81532.959037
970.378758 -81532.959037
