2.309883 -85103.750845
4.524377 -84860.286686
11.212510 -84850.563888
31.224784 -80586.891676
59.417585 -80516.756620
85.286546 -80498.910537
106.302962 -80494.132285
129.758608 -80489.225738
150.145700 -80487.747217
170.736603 -80487.105197
191.205764 -80486.538214
211.717107 -80486.275248
233.184698 -80482.594832
254.404114 -80481.557489
276.609567 -80445.933303
314.818299 -80431.447211
346.864306 -80431.135963
378.055227 -80430.974578
408.936484 -80430.892450
439.411630 -80430.818868
469.822361 -80430.818868
502.801902 -80430.818868
579.614094 -80430.818868
690.632308 -80430.818868
