3.713700 -123262.333704
7.310539 -122975.593294
20.544126 -122958.791914
65.811483 -111976.474749
94.686093 -111912.924069
120.513517 -111886.101395
144.326461 -111881.929083
167.700057 -111875.148229
189.689454 -111873.711360
213.033497 -111868.789519
234.583884 -111868.353714
256.029627 -111868.162069
277.524402 -111868.032500
303.038296 -111868.032500
341.610995 -111863.626197
377.278262 -111863.456367
411.929950 -111863.456367
448.718355 -111863.456367
560.703100 -111863.456367
689.963985 -111863.456367
