1.940210 -75783.574077
4.660868 -75604.509367
22.781722 -69993.676904
43.810069 -69941.037109
62.987610 -69928.849551
83.329740 -69922.638691
99.986868 -69922.638691
133.179664 -69919.128216
162.962883 -69916.184599
196.883797 -69910.581491
226.086836 -69910.130822
255.403302 -69908.694929
284.602666 -69908.356381
313.804911 -69908.356381
346.047157 -69908.356381
412.601045 -69904.449502
460.151026 -69900.739112
497.285910 -69900.739112
532.085647 -69900.739112
596.088819 -69900.739112
689.926980 -69896.489483
741.313030 -69892.382703
778.808204 -69892.236892
811.343817 -69892.236892
844.561491 -69892.236892
909.852190 -69892.236892
1001.369091 -69892.236892
