7.826129 -95973.377006
14.684417 -95703.296921
36.303286 -95685.345950
82.585801 -95675.546117
159.187116 -95675.546104
187.797679 -95641.322250
213.955248 -95631.868209
236.288914 -95629.089110
257.931245 -95626.826979
277.829537 -95625.585400
297.637635 -95625.374549
317.251919 -95624.847241
337.229031 -95624.681737
357.083533 -95624.443738
385.691249 -94677.572625
425.132986 -94659.931561
460.047237 -94655.432326
493.135712 -94654.770926
525.729560 -94654.460867
558.387186 -94654.303252
590.910780 -94654.225087
623.293315 -94654.143524
656.205025 -94653.592614
688.970472 -94653.592614
721.061818 -94653.592614
803.785859 -94653.592614
924.874671 -94653.592614
