6.730633 -89831.126023
12.990907 -89570.302954
32.089918 -89569.108754
73.737760 -89569.108674
97.969417 -89526.800071
121.659128 -89512.786451
139.424671 -89509.882173
157.111523 -89507.907483
173.610575 -89506.910091
190.296040 -89506.671642
206.823371 -89506.231027
224.494588 -89492.788119
240.792181 -89492.446761
257.312601 -89491.167308
277.538863 -89491.167308
308.103151 -89478.027531
334.954705 -89475.440016
361.379713 -89475.440016
392.578948 -89475.139342
432.385796 -89465.710196
464.557559 -89465.710196
498.417882 -89465.076281
537.984942 -89461.334277
569.963200 -89461.334277
603.283202 -89460.189480
643.883435 -89459.220845
679.874860 -89456.244286
708.195460 -89456.244286
739.598591 -89456.244286
795.297649 -89447.071266
837.716681 -89443.849334
872.409455 -89442.968930
901.948221 -89442.968930
933.906513 -89442.968930
988.343023 -89442.968930
1085.312735 -89442.968930
