2.640692 -99237.149582
5.365881 -98945.302765
13.920775 -98866.825425
33.457886 -98845.897635
73.760852 -89506.527674
109.943881 -89388.773305
138.132006 -89355.974346
162.584333 -89346.308616
184.289452 -89340.288647
204.383262 -89339.671299
223.847194 -89338.687459
243.447344 -89337.886155
264.207268 -89331.920080
283.177181 -89331.636932
302.638611 -89330.637037
322.159371 -89330.582822
342.182044 -89330.582822
378.951454 -89317.135773
410.489433 -89316.650623
441.140722 -89314.336754
470.669253 -89313.475995
499.505344 -89313.411897
528.639499 -89313.204798
557.630833 -89313.085358
586.650552 -89313.085358
618.367506 -89311.962751
663.354683 -89311.962751
702.002512 -89311.962751
764.632981 -89311.962751
864.921936 -89311.962751
