9.087172 -121056.548604
16.321599 -120841.493494
41.211424 -120816.466345
92.956196 -120793.507713
177.049638 -120793.507713
204.407504 -120704.243583
229.106467 -120662.909100
253.079799 -120646.364022
275.503898 -120644.854696
297.473919 -120642.822527
318.260828 -120641.927604
344.457593 -120641.927604
382.842957 -120632.680435
417.108253 -120632.018700
450.098778 -120631.392373
482.506666 -120630.161607
514.515109 -120630.150631
546.414460 -120630.150631
579.586722 -120630.150631
639.464024 -120630.150631
721.542651 -120630.150631
