2.323446 -85552.753948
5.411354 -85361.288838
14.484398 -85357.555496
44.025248 -79705.750584
70.962247 -79624.443195
94.489237 -79587.226632
117.998248 -79578.943495
139.538195 -79573.506881
159.439418 -79571.424361
184.635540 -79199.924494
221.482110 -79194.914539
253.772351 -79194.110909
286.963837 -79192.449609
317.811537 -79192.424526
348.560079 -79192.323998
379.023125 -79192.304383
411.881116 -79181.660180
442.174368 -79181.559076
472.338268 -79181.559076
504.774273 -79181.559076
557.900477 -79181.559076
636.165704 -79181.559076
