11.196332 -138680.489025
20.458233 -138379.173016
50.461475 -138286.506475
115.691106 -138260.393144
222.684201 -138260.393142
269.201166 -138136.148503
314.983542 -138063.962611
359.293228 -138045.273280
399.262593 -138028.154108
442.904535 -138028.154108
492.746587 -138028.154108
545.791010 -138028.154108
642.123076 -138028.154108
761.740882 -138026.675540
826.613497 -138012.621199
880.447752 -138011.423717
928.608753 -138011.423717
980.988229 -138009.665335
1041.026546 -138009.308178
1091.715848 -138009.152468
1141.979989 -138003.535539
1188.151173 -138003.535539
1239.466932 -137997.388422
1298.460435 -137994.712113
1348.812879 -137994.271241
1395.906325 -137993.786796
1441.479616 -137993.786796
1490.583953 -137993.786796
1592.573548 -137993.786796
1717.236035 -137993.786796
