1.620812 -74537.368096
4.009693 -74155.323005
11.270944 -74105.963409
26.012633 -74089.939005
56.963426 -67680.440031
85.521223 -67598.107060
112.572733 -67565.950122
138.125159 -67552.491008
163.057115 -67539.599870
188.621315 -67530.328294
209.466808 -67523.269001
234.722671 -67514.932335
255.456346 -67513.870614
276.013279 -67513.375697
297.333679 -67510.861806
317.405986 -67509.502591
337.628820 -67508.959838
357.501504 -67508.815295
378.420473 -67508.563550
399.754304 -67508.563550
435.715585 -67500.921915
467.757345 -67500.848265
499.079560 -67500.848265
531.267857 -67500.848265
590.486584 -67500.848265
661.934947 -67500.848265
