24.037117 -293867.591944
35.624138 -293607.221799
85.530420 -293607.221799
120.587649 -293520.576799
153.865759 -293491.400535
183.832542 -293485.028429
214.854727 -293468.947844
243.861352 -293460.916421
272.588969 -293453.397106
316.875299 -293453.397106
374.925196 -293427.408136
428.908511 -293423.190704
480.714612 -293421.005431
531.650176 -293420.179192
582.646595 -293419.720550
633.407602 -293419.369705
683.930455 -293419.253203
734.609228 -293419.253203
785.506968 -293419.253203
878.699631 -293419.253203
1005.531383 -293419.253203
