1.951965 -82936.259983
4.369688 -82703.720054
12.383928 -82671.508885
28.677749 -82627.803505
61.192762 -75949.695792
95.198893 -75852.208124
122.691580 -75829.742072
147.231496 -75827.235861
171.140222 -75821.726862
193.966204 -75818.910399
215.343613 -75815.907844
236.577706 -75815.066101
260.596683 -75815.066101
297.501371 -75810.340699
330.514395 -75809.052097
362.606825 -75808.280819
394.265123 -75807.209604
426.518213 -75805.426897
457.768036 -75805.156726
488.707604 -75805.156726
524.013772 -75805.156726
603.378442 -75805.156726
700.792969 -75805.156726
