1.788151 -64987.666374
4.023697 -64786.602178
16.928653 -60972.504799
38.578744 -60897.332482
59.883714 -60835.588903
79.660742 -60815.536939
98.391437 -60784.139649
115.287253 -60780.273746
132.087947 -60777.147143
148.043852 -60776.732614
164.195566 -60776.398693
181.114219 -60776.398693
216.873319 -60771.529996
247.232125 -60770.865428
276.840407 -60770.686176
307.837309 -60770.365623
337.210450 -60770.194010
366.526255 -60770.059708
396.014084 -60770.022741
425.475541 -60770.022741
456.675488 -60758.581370
498.760247 -60758.345716
533.648030 -60758.170601
566.771078 -60756.790736
597.802501 -60753.036876
628.898022 -60752.564920
657.867720 -60752.564920
686.632222 -60752.564920
740.237909 -60752.564920
813.431895 -60752.564920
