2.729224 -85758.062517
6.219902 -85462.164442
16.138085 -85431.208808
45.214213 -79600.613935
79.133362 -79475.075244
110.932055 -79439.287055
140.840213 -79409.238798
169.513668 -79399.925969
195.490992 -79399.018865
223.820025 -79397.095782
247.736853 -79396.989635
274.184979 -79396.989635
321.653721 -79380.327936
365.540444 -79374.746600
403.767518 -79374.253964
441.802510 -79372.996428
480.779094 -79371.719431
518.595618 -79371.690943
556.385624 -79371.690943
593.794456 -79371.690943
663.958780 -79371.690943
764.807647 -79371.690943
