1.559327 -73581.947682
3.334236 -73273.231933
9.032422 -73237.721574
25.566685 -68086.095570
53.357641 -68006.407885
76.132520 -67974.155590
99.929902 -67960.125014
121.521889 -67953.764600
141.878833 -67950.856407
161.136204 -67949.400327
182.874475 -67944.227791
203.527244 -67933.665813
222.708040 -67932.372652
241.628356 -67932.210573
261.327330 -67932.210573
295.401025 -67923.714945
325.721071 -67923.053000
355.067146 -67922.533876
384.060756 -67922.489282
412.695026 -67922.489282
443.808959 -67922.331595
487.494958 -67918.853648
523.614774 -67913.773465
555.212415 -67911.026037
584.876917 -67910.602182
614.736499 -67910.094507
646.468061 -67906.780486
676.548146 -67905.331079
705.096859 -67905.054517
733.668431 -67905.054517
763.433102 -67905.054517
821.222317 -67905.054517
900.450610 -67905.054517
