3.565320 -53628.118297
9.115407 -53336.162400
27.182408 -53303.111296
60.179714 -53295.277218
109.071714 -53295.277198
139.094126 -53246.303679
164.977510 -53213.062759
188.276375 -53199.336474
211.225473 -53186.604661
231.090361 -53185.697695
251.936325 -53184.293490
272.608048 -53183.413082
293.240586 -53180.676638
313.424006 -53179.696062
334.612060 -53174.220427
355.247448 -53170.749509
375.458999 -53169.184413
394.120516 -53169.168161
413.425357 -53169.168161
446.278878 -53167.258487
476.598575 -53166.039462
505.759618 -53165.551886
533.372379 -53164.911524
560.137514 -53164.898594
586.728774 -53164.854228
613.457351 -53164.854228
644.718119 -53164.854228
711.341510 -53164.854228
810.329907 -53164.854228
