1.871787 -45623.218867
3.366300 -45414.341412
8.863308 -45412.919957
20.819793 -45407.918969
45.396086 -41982.159527
67.666640 -41927.522686
88.885444 -41911.480239
109.014504 -41903.361431
127.201494 -41898.798925
145.725019 -41898.798925
178.740636 -41898.194230
208.945265 -41891.943004
236.241491 -41891.719869
263.138084 -41891.524157
290.149507 -41891.469937
316.723915 -41891.469937
346.386961 -41889.650438
386.906825 -41889.461307
420.066135 -41889.461307
451.733550 -41889.461307
522.938812 -41889.461307
617.597094 -41889.461307
