4.013747 -100291.605959
7.777279 -100001.910146
29.642186 -94461.011858
54.199132 -94385.030649
75.770462 -94367.236577
99.832460 -94357.488171
121.824153 -94347.457127
141.003112 -94345.389586
167.479175 -92739.884916
210.054654 -92734.144960
247.900323 -92728.637303
283.385171 -92725.626551
318.396202 -92724.843876
353.153775 -92724.430646
387.760066 -92723.475091
423.070911 -92721.221370
457.705364 -92720.768772
492.299175 -92720.452763
526.854104 -92719.658504
561.481166 -92719.658504
595.039119 -92711.421719
646.662835 -92704.087407
687.548660 -92704.087407
721.963710 -92704.087407
773.101198 -92704.087407
850.069909 -92704.087407
