3.548695 -159961.797602
9.096278 -159715.238198
39.330702 -148705.764290
72.179924 -148632.166829
103.145114 -148596.055575
131.061423 -148589.315050
156.304094 -148587.971885
180.907555 -148587.489425
205.557671 -148587.401362
230.044830 -148587.334065
255.936338 -148587.334065
305.577640 -148578.241544
350.700966 -148576.568278
395.066838 -148575.138148
440.377199 -148571.124496
484.005054 -148571.032526
527.690650 -148571.032526
575.608607 -148571.032526
687.305005 -148571.032526
842.351415 -148571.032526
