2.592902 -70087.550167
5.801135 -69846.657458
25.587105 -65744.483599
47.978152 -65705.236903
67.849679 -65694.231743
86.554391 -65690.667386
102.555355 -65690.421848
118.344213 -65690.342729
136.613840 -65688.230356
153.541584 -65683.641949
170.367836 -65683.641949
206.967504 -65678.206955
237.279515 -65677.837943
266.034110 -65677.818307
294.544837 -65677.537425
324.002838 -65676.664242
355.445172 -65675.453345
383.894003 -65675.453345
412.993301 -65675.453345
475.717150 -65675.453345
574.034486 -65675.453345
