3.449670 -187816.996920
7.879839 -187267.372039
22.178417 -187183.955324
51.304509 -187168.507661
109.775411 -169359.802761
164.140593 -169088.020441
209.456794 -169051.489759
256.000212 -169004.315105
295.260989 -168988.617944
329.182242 -168986.620699
362.157252 -168985.967589
394.611192 -168985.456430
427.754633 -168985.456430
479.346704 -168960.244936
523.923115 -168956.340045
566.804913 -168955.806376
608.875256 -168955.712607
650.717926 -168954.888329
692.228244 -168954.888329
736.811907 -168954.888329
827.542792 -168954.888329
931.377401 -168954.888329
