1.840119 -75894.274794
3.990461 -75651.997508
11.146854 -75578.039303
26.269682 -75561.638452
53.738256 -73017.480526
83.599614 -72919.717647
111.480688 -72890.532399
140.032983 -72874.752495
165.888678 -72866.966004
192.969731 -72857.044560
220.420230 -72853.246908
243.909971 -72852.073235
267.472913 -72851.854432
290.958926 -72851.677385
314.224587 -72851.677385
350.171222 -72849.175921
383.473608 -72847.652874
415.315782 -72847.328598
446.058510 -72846.153258
476.004071 -72846.085887
505.986383 -72846.085887
541.520446 -72846.085887
616.803906 -72846.085887
728.043502 -72846.085887
