7.348710 -64614.942312
14.124363 -64388.668882
36.551198 -64342.202186
91.193032 -64342.202186
118.647370 -64288.115044
142.573853 -64267.627601
164.061274 -64255.055297
186.859765 -64247.914893
206.599903 -64247.154356
225.962904 -64246.741512
245.210741 -64246.020622
265.590500 -64243.641309
292.831256 -62946.854610
330.460258 -62914.583139
362.019760 -62912.398640
392.398365 -62912.174078
422.397523 -62912.013541
452.180221 -62912.001920
481.783835 -62912.001920
512.689830 -62911.790155
554.735317 -62911.311854
589.809582 -62911.311854
622.034090 -62911.311854
683.402426 -62911.311854
767.730113 -62911.311854
