7.934541 -67935.829526
14.562230 -67574.511368
36.922647 -67519.407698
87.940477 -67503.939887
173.250337 -67503.939720
205.870133 -67417.231412
234.731248 -67378.015776
262.813565 -67343.724832
286.263004 -67342.341657
309.132573 -67337.300916
330.443696 -67336.075929
351.607743 -67335.837793
373.307490 -67335.286482
399.792405 -67335.286482
438.460624 -67333.431057
472.666682 -67332.703101
505.716043 -67332.094528
538.242762 -67331.949644
570.691105 -67331.949644
605.934066 -67331.949644
681.661131 -67331.949644
772.304700 -67329.659426
822.763930 -67329.659426
872.120588 -67329.659426
941.265269 -67329.659426
1033.775639 -67329.659426
