1.185871 -46341.901191
2.616318 -46108.764309
7.206330 -46040.649763
16.587493 -45973.646545
35.816867 -42241.157276
61.732322 -42065.243068
85.079361 -42022.066999
105.644990 -42013.369157
126.180349 -42007.230194
144.659645 -42004.262548
162.891743 -42003.848695
180.369459 -42003.413464
197.904971 -42003.078587
215.491938 -42003.059643
233.053631 -42003.046594
251.798621 -42003.046594
285.236026 -42001.790390
313.231015 -42001.790390
342.187648 -42001.790390
399.537071 -42001.790390
465.692650 -42001.790390
