2.642821 -93223.749010
5.907149 -92994.569982
16.252726 -92920.418177
48.689341 -83316.440351
77.185882 -83188.526988
102.232268 -83154.005317
124.279755 -83144.767331
144.280926 -83140.053696
163.742287 -83137.861319
183.682754 -83134.577768
203.914534 -83128.325485
222.658919 -83127.142457
241.369529 -83126.731902
260.135060 -83124.399739
278.922669 -83124.251851
299.555117 -83124.251851
335.489061 -83116.744807
368.603279 -83116.110237
400.754044 -83114.104504
432.307557 -83113.896967
463.697276 -83113.896967
496.207232 -83113.896967
556.274709 -83111.247249
607.332159 -83109.134186
653.167032 -83102.018590
690.503423 -83097.182870
724.110646 -83090.279713
756.953918 -83088.213134
788.815701 -83088.213134
821.049727 -83088.213134
879.492194 -83088.213134
956.566509 -83086.576360
1008.130768 -83086.576360
1050.038852 -83086.576360
1103.577752 -83086.576360
1182.579283 -83086.576360
