1.042098 -33487.143861
2.018319 -33264.238033
5.173635 -33229.481414
14.533206 -31577.537161
30.555318 -31541.139122
47.231521 -31524.150403
63.999664 -31512.515621
81.510424 -31508.221855
96.948970 -31507.760219
113.874438 -31504.089241
129.768454 -31503.653798
146.600513 -31502.486723
161.633639 -31502.314947
176.658328 -31500.756180
192.652178 -31496.457735
207.790296 -31496.386985
223.126752 -31496.338948
238.165749 -31496.169742
254.393097 -31494.658060
270.251330 -31494.125033
287.092000 -31493.596145
303.648867 -31493.596145
324.990606 -31493.596145
350.056485 -31493.596145
396.384883 -31493.596145
455.019549 -31493.596145
