2.513539 -55105.420915
5.661546 -54887.078310
14.990083 -54883.858370
33.053510 -54880.527243
58.745441 -54859.277760
100.214598 -52524.052239
139.709631 -52449.679202
190.012794 -52443.728508
235.222319 -52437.561585
278.179842 -52435.884958
319.139525 -52433.056099
360.678944 -52432.610711
402.556186 -52432.590514
447.917780 -52026.938815
479.744132 -52024.794403
510.340189 -52024.794403
552.008306 -52024.794403
629.794338 -52023.670960
673.735149 -52023.642958
712.915846 -52023.607491
749.852902 -52023.602872
794.993425 -52023.601965
874.877107 -52023.601794
958.810068 -52023.601794
