1.351459 -65344.631437
2.980057 -65018.845896
7.954448 -65001.741150
22.272956 -60187.295092
47.384030 -60059.764688
69.729860 -60026.420240
92.747560 -60014.073303
112.803310 -60004.475486
132.545213 -60001.114739
151.130508 -60001.053727
169.707198 -60000.040508
188.613130 -60000.040508
221.225480 -59996.159836
251.015513 -59994.739933
279.361710 -59994.327020
310.713232 -59993.579690
338.580606 -59993.555549
366.476395 -59993.555549
395.501713 -59993.555549
446.992441 -59993.555549
519.800801 -59993.555549
