2.024995 -97099.088005
4.401577 -96907.904743
11.585682 -96900.254563
30.342799 -88389.117295
57.096635 -88256.605950
82.592965 -88213.217040
103.855471 -88191.653618
125.077478 -88175.319820
145.353153 -88169.596871
164.150833 -88169.089895
183.123722 -88168.744956
201.824574 -88168.386029
220.014972 -88168.083688
238.239170 -88167.923460
256.218588 -88167.465330
273.971350 -88167.375179
292.727493 -88167.375179
326.949908 -88148.797898
357.471455 -88144.930317
386.541459 -88142.305071
415.118268 -88142.305071
445.884563 -88142.305071
503.776789 -88142.305071
580.056119 -88142.305071
