8.956061 -130743.506831
15.326812 -130514.840707
33.457678 -130514.306556
72.516648 -130514.306554
100.783706 -130467.253431
128.480404 -130443.323300
153.389652 -130442.077731
177.866343 -130441.935815
202.524742 -130441.690538
226.745995 -130441.589372
256.892690 -130441.589372
295.200339 -130429.968167
331.049328 -130426.034303
363.472179 -130426.034303
396.015834 -130425.313581
438.156462 -130425.085236
473.942758 -130425.085236
507.581543 -130425.085236
559.442801 -130425.085236
651.558993 -130425.085236
