2.146702 -75303.667561
4.686973 -75132.017141
12.193240 -75128.294497
37.456598 -70473.342736
63.658372 -70352.006373
87.895893 -70327.235724
109.613438 -70315.684236
132.940917 -70302.376210
151.398866 -70299.831267
169.390584 -70295.139827
189.014016 -70291.775016
207.150400 -70290.680486
224.823872 -70289.968550
242.664828 -70289.515980
260.702007 -70288.838850
278.047314 -70288.822659
296.861257 -70288.822659
328.537281 -70288.752201
358.770445 -70288.752201
389.893048 -70288.752201
442.755861 -70288.752201
543.992229 -70288.752201
