2.555322 -118022.312662
7.175880 -117770.891768
19.425486 -117683.608791
58.017175 -110470.645066
93.651859 -110355.650850
125.425268 -110321.453179
153.755726 -110305.220646
177.502790 -110304.792170
203.936207 -110297.053538
227.726760 -110287.681984
249.904928 -110287.334464
272.190902 -110287.145971
294.525762 -110286.965752
317.836401 -110285.404079
341.618672 -110285.404079
388.784145 -110280.589784
428.889661 -110280.272820
468.034691 -110277.964486
507.628737 -110276.537530
546.407160 -110276.537530
582.830518 -110276.537530
649.145491 -110276.537530
750.545861 -110276.537530
