10.080042 -93728.541825
17.173183 -93457.010976
40.515850 -93441.878705
94.572212 -93441.878705
122.464760 -93389.577027
149.126134 -93325.548319
174.393660 -93310.795935
197.149140 -93309.044390
219.582323 -93307.925512
240.861492 -93307.782094
268.730129 -93307.782094
306.117729 -93301.363329
342.247981 -93295.600401
376.280657 -93294.310730
410.774708 -93292.749283
444.214620 -93292.108785
478.098695 -93290.027235
511.554860 -93289.592412
546.304149 -93283.963090
579.989786 -93282.987671
614.542996 -93282.111788
648.191333 -93282.111788
684.435330 -93282.111788
763.470864 -93282.111788
849.100372 -93282.111788
