1.569405 -83829.405021
3.817851 -83375.859537
10.910570 -83282.218502
25.360025 -83269.399330
51.542675 -77713.203174
93.645161 -77529.594042
129.273846 -77497.378434
165.165189 -77478.627732
197.322073 -77467.778233
227.237793 -77466.308719
256.824395 -77461.610218
284.454528 -77460.758883
310.883764 -77459.790884
339.129099 -77457.291582
367.185737 -77453.754675
394.828007 -77451.440116
421.976110 -77449.256349
450.005635 -77447.714222
476.631876 -77444.924911
502.279170 -77443.077003
527.723254 -77442.043139
552.990937 -77441.739207
578.301341 -77441.739207
615.829275 -77441.589655
650.540679 -77441.463157
684.207889 -77440.522397
719.246011 -77439.014699
752.295811 -77438.523871
784.982056 -77438.472789
817.620107 -77438.122402
850.509755 -77437.874052
883.135356 -77437.874052
920.952820 -77437.874052
979.596124 -77437.874052
1060.892001 -77437.874052
