12.082535 -144420.405649
21.215373 -144242.314170
58.339211 -144242.314170
82.885579 -144190.428237
107.557494 -144152.998286
129.667719 -144149.997170
151.938154 -144148.191356
174.172914 -144146.834998
195.261714 -144145.560681
216.226145 -144145.318199
237.416945 -144144.767097
266.205902 -144144.767097
308.796449 -144132.964766
347.814410 -144132.740728
386.032118 -144128.496578
424.939580 -144128.121912
462.513175 -144128.121912
502.611837 -144128.121912
586.219576 -144128.121912
706.190665 -144128.121912
