3.995307 -144326.370872
9.536658 -143984.182320
28.905800 -143939.004722
82.037605 -136605.345075
125.028160 -136497.870703
163.127454 -136486.877883
194.442796 -136486.509883
224.492656 -136486.222348
253.868117 -136486.135655
283.162095 -136486.079908
315.756568 -136484.519753
345.883992 -136484.519753
397.013690 -136472.902242
445.024858 -136467.677444
491.412364 -136465.350092
535.576140 -136464.976040
581.329579 -136460.248018
624.711938 -136460.052518
668.184989 -136459.965998
711.546911 -136459.887429
754.916837 -136459.887429
803.136364 -136459.887429
930.459573 -136459.887429
1122.230816 -136459.887429
