7.742223 -125190.112674
14.810015 -124943.608140
34.957932 -124899.144222
80.552616 -124899.144222
103.696279 -124812.865462
125.267462 -124777.897569
145.365621 -124771.391990
164.014718 -124769.864236
183.405908 -124760.898970
203.628608 -124756.237825
221.197295 -124753.083457
238.643600 -124752.641576
257.720558 -124749.471853
275.124585 -124749.446932
297.376761 -124749.446932
332.406667 -124745.624082
365.000248 -124745.624082
394.310770 -124745.624082
451.855794 -124745.624082
538.548866 -124745.624082
