2.111778 -64572.602936
4.449720 -64263.960604
12.393262 -64234.044076
30.143362 -64221.823860
66.604417 -59062.143767
91.292574 -58969.306971
116.144749 -58922.436863
139.732547 -58885.289044
160.801849 -58868.287605
180.057883 -58861.841260
200.019998 -58856.516821
217.855518 -58855.508253
235.369209 -58855.270327
256.900001 -58347.905783
288.519582 -58347.521375
317.663965 -58347.388298
346.009440 -58346.216218
373.701427 -58346.216218
404.965910 -58342.275617
447.013760 -58342.275617
484.547544 -58342.275617
542.654048 -58342.275617
624.106371 -58342.275617
