4.346512 -60205.742035
10.189551 -59925.112795
27.508716 -59921.484396
63.178473 -59921.484396
85.386489 -59868.051456
104.292733 -59860.141856
123.798818 -59859.574760
140.246418 -59859.023630
156.530357 -59858.885907
172.739770 -59858.816934
189.295094 -59856.600737
206.250681 -59853.096023
223.066780 -59847.248581
239.769818 -59846.073268
255.751003 -59846.046700
273.926861 -59692.769521
304.422732 -59685.892347
332.330442 -59685.244260
358.368662 -59685.231988
385.711501 -59684.108894
411.557978 -59683.772617
438.253839 -59681.234809
464.059891 -59681.191389
490.012413 -59681.069654
517.321554 -59679.886008
543.091690 -59679.886008
568.973579 -59678.761487
606.310448 -59678.701757
636.887911 -59676.667035
666.045054 -59672.100109
693.710296 -59671.553898
719.405356 -59671.553898
745.263237 -59671.553898
792.025880 -59671.553898
863.414030 -59671.553898
