5.791060 -57897.311059
11.733540 -57655.238125
30.617957 -57624.833362
68.934433 -57597.014029
131.055969 -57597.014029
161.383688 -57500.613909
190.839203 -57473.431136
216.421928 -57456.062141
240.309349 -57445.214040
260.880157 -57444.742816
281.221930 -57444.374923
301.501620 -57444.227936
322.511190 -57444.227936
357.158462 -57442.209883
388.345717 -57439.801110
419.186874 -57439.253309
449.957951 -57437.591922
481.467619 -57434.692684
510.852194 -57434.611936
541.190597 -57433.389679
570.326735 -57433.389679
603.992336 -57426.709281
646.104995 -57425.337424
680.338754 -57425.337424
716.239145 -57424.338033
756.772915 -57424.338033
796.787944 -57424.338033
862.915872 -57424.338033
951.109075 -57424.338033
