9.395685 -65386.975645
15.980907 -65150.360633
34.872408 -65060.041401
72.010284 -65059.956951
136.478716 -65059.956951
157.256789 -65016.410427
180.636973 -64989.100046
199.813076 -64982.594732
217.424047 -64982.304152
236.518700 -64981.176244
253.732238 -64980.612425
270.724061 -64980.176987
287.461815 -64979.644885
304.470186 -64979.622546
322.266659 -64977.735624
344.724499 -64977.735624
375.517514 -64976.835216
404.388073 -64976.790673
432.588952 -64976.790673
460.466093 -64976.790673
510.205920 -64976.790673
577.128398 -64976.790673
