2.415301 -136819.786838
6.196123 -136449.338816
29.298830 -128445.841091
55.932560 -128323.645600
81.894116 -128307.518912
106.589384 -128302.192232
126.756993 -128301.926656
149.372219 -128301.926656
192.688909 -128291.954303
231.631174 -128288.496563
268.295732 -128288.118421
304.678429 -128287.776663
341.250958 -128287.607755
379.305762 -128281.985264
415.589375 -128281.968785
455.010815 -128276.867074
492.582864 -128273.911619
528.607843 -128273.911619
571.264212 -128273.310525
624.307325 -128266.045456
666.092102 -128266.045456
710.709844 -128266.045456
791.190930 -128266.045456
904.988445 -128266.045456
