3.719944 -203743.044174
9.568358 -203607.464657
41.443311 -197096.498387
72.087062 -197024.459738
101.525843 -197006.007707
130.571365 -197001.237089
156.253527 -197000.950827
184.689633 -196999.134519
212.930665 -196999.134519
261.666222 -196973.565374
305.986297 -196973.565374
360.157579 -196968.743503
415.358194 -196968.730254
464.590964 -196967.678715
509.810421 -196967.678715
563.901954 -196966.291019
618.633193 -196966.291019
682.399018 -196966.291019
782.134021 -196966.291019
906.393969 -196966.291019
