1.901871 -93158.603771
4.247375 -92818.025163
11.237606 -92791.918719
24.347490 -92783.438634
43.202988 -92772.006675
74.424719 -85066.495437
108.506423 -84950.659465
137.149636 -84926.311980
164.077563 -84919.290712
190.463211 -84915.483767
215.319638 -84915.124807
240.358586 -84914.232029
264.555839 -84914.207807
289.304675 -84914.207807
326.632953 -84907.823346
361.181145 -84906.976042
395.957117 -84906.227781
429.408954 -84905.869938
465.379143 -84904.575072
498.448173 -84904.575072
536.273569 -84904.517066
580.678799 -84903.906271
621.224295 -84903.307807
655.645993 -84903.307807
693.762686 -84903.307807
756.276624 -84903.307807
839.586975 -84903.307807
