1.142957 -62909.466811
3.154632 -62518.818814
8.572497 -62488.336425
24.370800 -58032.651372
49.722162 -57908.528622
71.895220 -57881.895369
94.137398 -57862.074443
115.635810 -57848.168072
134.749720 -57846.647439
152.163962 -57845.925449
169.867810 -57845.472329
187.574074 -57845.307087
205.034057 -57845.260854
223.369136 -57842.963673
243.200597 -57835.270005
260.105010 -57833.405063
277.157029 -57833.086523
297.758560 -57407.179459
331.489646 -57402.874299
361.950086 -57401.884819
391.408658 -57401.494525
420.658944 -57401.494525
451.246709 -57401.494525
500.318903 -57401.494525
579.059056 -57401.494525
